,time,Process Creation,Authorization Policy Change,Process Termination,Logoff,Special Logon,Logon,Removable Storage,Sensitive Privilege Use,File System,File Share,Detailed File Share,Registry,Security Group Management,Security State Change,Other Logon/Logoff Events,Security System Extension
0,2016-08-25 18:50:24.000 MDT,1,0,0,0,0,0,0,0,0,0,0,0,0,0,0,0
1,2016-08-25 18:51:56.000 MDT,0,0,1,0,0,0,0,0,0,0,0,0,0,0,0,0
2,2016-08-25 18:56:28.000 MDT,0,0,0,1,0,0,0,0,0,0,0,0,0,0,0,0
3,2016-08-25 18:59:08.000 MDT,0,1,0,0,0,0,0,0,0,0,0,0,0,0,0,0
4,2016-08-25 19:01:52.000 MDT,0,0,0,1,0,0,0,0,0,0,0,0,0,0,0,0
5,2016-08-25 19:13:02.000 MDT,0,0,0,0,1,0,0,0,0,0,0,0,0,0,0,0
6,2016-08-25 19:16:11.000 MDT,0,1,0,0,0,0,0,0,0,0,0,0,0,0,0,0
7,2016-08-25 19:24:17.000 MDT,0,0,1,0,0,0,0,0,0,0,0,0,0,0,0,0
8,2016-08-25 19:27:24.000 MDT,0,0,0,0,1,0,0,0,0,0,0,0,0,0,0,0
9,2016-08-25 19:28:19.000 MDT,0,1,0,0,0,0,0,0,0,0,0,0,0,0,0,0
10,2016-08-25 19:29:54.000 MDT,1,0,0,0,0,0,0,0,0,0,0,0,0,0,0,0
11,2016-08-25 19:33:41.000 MDT,0,1,0,0,0,0,0,0,0,0,0,0,0,0,0,0
12,2016-08-25 19:38:25.000 MDT,0,0,1,0,0,0,0,0,0,0,0,0,0,0,0,0
13,2016-08-25 19:40:47.000 MDT,0,0,1,0,0,0,0,0,0,0,0,0,0,0,0,0
14,2016-08-25 19:41:56.000 MDT,0,1,0,0,0,0,0,0,0,0,0,0,0,0,0,0
15,2016-08-25 19:45:58.000 MDT,1,0,0,0,0,0,0,0,0,0,0,0,0,0,0,0
16,2016-08-25 19:54:22.000 MDT,0,0,1,0,0,0,0,0,0,0,0,0,0,0,0,0
17,2016-08-25 20:05:15.000 MDT,0,0,0,0,0,1,0,0,0,0,0,0,0,0,0,0
18,2016-08-25 20:12:10.000 MDT,0,0,1,0,0,0,0,0,0,0,0,0,0,0,0,0
19,2016-08-25 20:12:56.000 MDT,1,0,0,0,0,0,0,0,0,0,0,0,0,0,0,0
20,2016-08-25 20:14:17.000 MDT,1,0,0,0,0,0,0,0,0,0,0,0,0,0,0,0
21,2016-08-25 20:16:09.000 MDT,0,1,0,0,0,0,0,0,0,0,0,0,0,0,0,0
22,2016-08-25 20:16:39.000 MDT,0,0,0,0,1,0,0,0,0,0,0,0,0,0,0,0
23,2016-08-25 20:26:22.000 MDT,1,0,0,0,0,0,0,0,0,0,0,0,0,0,0,0
24,2016-08-25 20:27:12.000 MDT,0,0,1,0,0,0,0,0,0,0,0,0,0,0,0,0
25,2016-08-25 20:40:03.000 MDT,0,1,0,0,0,0,0,0,0,0,0,0,0,0,0,0
26,2016-08-25 20:58:18.000 MDT,0,0,1,0,0,0,0,0,0,0,0,0,0,0,0,0
27,2016-08-25 21:02:52.000 MDT,0,1,0,0,0,0,0,0,0,0,0,0,0,0,0,0
28,2016-08-25 21:06:41.000 MDT,0,0,1,0,0,0,0,0,0,0,0,0,0,0,0,0
29,2016-08-25 21:13:50.000 MDT,1,0,0,0,0,0,0,0,0,0,0,0,0,0,0,0
30,2016-08-25 21:17:50.000 MDT,0,1,0,0,0,0,0,0,0,0,0,0,0,0,0,0
31,2016-08-25 21:25:05.000 MDT,1,0,0,0,0,0,0,0,0,0,0,0,0,0,0,0
32,2016-08-25 21:28:06.000 MDT,0,1,0,0,0,0,0,0,0,0,0,0,0,0,0,0
33,2016-08-25 21:36:21.000 MDT,0,1,0,0,0,0,0,0,0,0,0,0,0,0,0,0
34,2016-08-25 21:36:51.000 MDT,1,0,0,0,0,0,0,0,0,0,0,0,0,0,0,0
35,2016-08-25 21:37:24.000 MDT,0,0,1,0,0,0,0,0,0,0,0,0,0,0,0,0
36,2016-08-25 21:43:34.000 MDT,0,1,0,0,0,0,0,0,0,0,0,0,0,0,0,0
37,2016-08-25 21:44:12.000 MDT,0,0,0,0,1,0,0,0,0,0,0,0,0,0,0,0
38,2016-08-25 21:45:00.000 MDT,0,0,1,0,0,0,0,0,0,0,0,0,0,0,0,0
39,2016-08-25 21:53:10.000 MDT,0,0,1,0,0,0,0,0,0,0,0,0,0,0,0,0
40,2016-08-25 21:59:26.000 MDT,0,1,0,0,0,0,0,0,0,0,0,0,0,0,0,0
41,2016-08-25 22:08:09.000 MDT,0,0,0,1,0,0,0,0,0,0,0,0,0,0,0,0
42,2016-08-25 22:09:36.000 MDT,0,0,0,0,1,0,0,0,0,0,0,0,0,0,0,0
43,2016-08-25 22:10:25.000 MDT,0,1,0,0,0,0,0,0,0,0,0,0,0,0,0,0
44,2016-08-25 22:14:07.000 MDT,0,0,1,0,0,0,0,0,0,0,0,0,0,0,0,0
45,2016-08-25 22:15:57.000 MDT,0,1,0,0,0,0,0,0,0,0,0,0,0,0,0,0
46,2016-08-25 22:17:55.000 MDT,0,0,1,0,0,0,0,0,0,0,0,0,0,0,0,0
47,2016-08-25 22:18:04.000 MDT,0,0,1,0,0,0,0,0,0,0,0,0,0,0,0,0
48,2016-08-25 22:20:25.000 MDT,0,1,0,0,0,0,0,0,0,0,0,0,0,0,0,0
49,2016-08-25 22:21:06.000 MDT,0,0,1,0,0,0,0,0,0,0,0,0,0,0,0,0
50,2016-08-25 22:41:09.000 MDT,0,1,0,0,0,0,0,0,0,0,0,0,0,0,0,0
51,2016-08-25 22:44:34.000 MDT,0,1,0,0,0,0,0,0,0,0,0,0,0,0,0,0
52,2016-08-25 22:45:49.000 MDT,0,0,0,0,1,0,0,0,0,0,0,0,0,0,0,0
53,2016-08-25 22:49:14.000 MDT,0,0,1,0,0,0,0,0,0,0,0,0,0,0,0,0
54,2016-08-25 22:53:24.000 MDT,0,0,1,0,0,0,0,0,0,0,0,0,0,0,0,0
55,2016-08-25 22:56:08.000 MDT,0,0,0,0,1,0,0,0,0,0,0,0,0,0,0,0
56,2016-08-25 23:06:34.000 MDT,0,0,0,0,0,0,1,0,0,0,0,0,0,0,0,0
57,2016-08-25 23:06:47.000 MDT,0,1,0,0,0,0,0,0,0,0,0,0,0,0,0,0
58,2016-08-25 23:08:06.000 MDT,1,0,0,0,0,0,0,0,0,0,0,0,0,0,0,0
59,2016-08-25 23:14:28.000 MDT,0,0,1,0,0,0,0,0,0,0,0,0,0,0,0,0
60,2016-08-25 23:27:21.000 MDT,0,1,0,0,0,0,0,0,0,0,0,0,0,0,0,0
61,2016-08-25 23:27:58.000 MDT,0,1,0,0,0,0,0,0,0,0,0,0,0,0,0,0
62,2016-08-25 23:36:05.000 MDT,0,1,0,0,0,0,0,0,0,0,0,0,0,0,0,0
63,2016-08-25 23:36:05.000 MDT,0,0,0,0,1,0,0,0,0,0,0,0,0,0,0,0
64,2016-08-25 23:36:29.000 MDT,0,0,1,0,0,0,0,0,0,0,0,0,0,0,0,0
65,2016-08-25 23:40:15.000 MDT,0,0,1,0,0,0,0,0,0,0,0,0,0,0,0,0
66,2016-08-25 23:49:19.000 MDT,1,0,0,0,0,0,0,0,0,0,0,0,0,0,0,0
67,2016-08-25 23:50:25.000 MDT,0,0,1,0,0,0,0,0,0,0,0,0,0,0,0,0
68,2016-08-25 23:52:44.000 MDT,0,1,0,0,0,0,0,0,0,0,0,0,0,0,0,0
69,2016-08-25 23:55:42.000 MDT,0,0,1,0,0,0,0,0,0,0,0,0,0,0,0,0
70,2016-08-25 23:55:45.000 MDT,0,1,0,0,0,0,0,0,0,0,0,0,0,0,0,0
71,2016-08-25 23:57:06.000 MDT,0,1,0,0,0,0,0,0,0,0,0,0,0,0,0,0
72,2016-08-25 23:57:09.000 MDT,0,0,1,0,0,0,0,0,0,0,0,0,0,0,0,0
73,2016-08-26 00:00:56.000 MDT,0,1,0,0,0,0,0,0,0,0,0,0,0,0,0,0
74,2016-08-26 00:03:39.000 MDT,0,1,0,0,0,0,0,0,0,0,0,0,0,0,0,0
75,2016-08-26 00:04:00.000 MDT,0,0,1,0,0,0,0,0,0,0,0,0,0,0,0,0
76,2016-08-26 00:12:25.000 MDT,0,1,0,0,0,0,0,0,0,0,0,0,0,0,0,0
77,2016-08-26 00:12:40.000 MDT,0,1,0,0,0,0,0,0,0,0,0,0,0,0,0,0
78,2016-08-26 00:13:33.000 MDT,1,0,0,0,0,0,0,0,0,0,0,0,0,0,0,0
79,2016-08-26 00:20:45.000 MDT,1,0,0,0,0,0,0,0,0,0,0,0,0,0,0,0
80,2016-08-26 00:22:48.000 MDT,0,0,1,0,0,0,0,0,0,0,0,0,0,0,0,0
81,2016-08-26 00:24:23.000 MDT,0,1,0,0,0,0,0,0,0,0,0,0,0,0,0,0
82,2016-08-26 00:27:51.000 MDT,0,1,0,0,0,0,0,0,0,0,0,0,0,0,0,0
83,2016-08-26 00:32:03.000 MDT,0,0,1,0,0,0,0,0,0,0,0,0,0,0,0,0
84,2016-08-26 00:32:17.000 MDT,0,1,0,0,0,0,0,0,0,0,0,0,0,0,0,0
85,2016-08-26 00:34:20.000 MDT,1,0,0,0,0,0,0,0,0,0,0,0,0,0,0,0
86,2016-08-26 00:34:37.000 MDT,0,0,1,0,0,0,0,0,0,0,0,0,0,0,0,0
87,2016-08-26 00:38:15.000 MDT,0,0,0,0,1,0,0,0,0,0,0,0,0,0,0,0
88,2016-08-26 00:39:06.000 MDT,1,0,0,0,0,0,0,0,0,0,0,0,0,0,0,0
89,2016-08-26 00:40:28.000 MDT,0,0,0,0,0,0,0,0,0,0,1,0,0,0,0,0
90,2016-08-26 00:43:20.000 MDT,0,0,0,0,0,0,0,0,1,0,0,0,0,0,0,0
91,2016-08-26 00:47:05.000 MDT,0,0,1,0,0,0,0,0,0,0,0,0,0,0,0,0
92,2016-08-26 00:47:07.000 MDT,1,0,0,0,0,0,0,0,0,0,0,0,0,0,0,0
93,2016-08-26 00:53:19.000 MDT,0,0,1,0,0,0,0,0,0,0,0,0,0,0,0,0
94,2016-08-26 00:54:31.000 MDT,1,0,0,0,0,0,0,0,0,0,0,0,0,0,0,0
95,2016-08-26 00:57:00.000 MDT,0,0,1,0,0,0,0,0,0,0,0,0,0,0,0,0
96,2016-08-26 01:01:47.000 MDT,0,1,0,0,0,0,0,0,0,0,0,0,0,0,0,0
97,2016-08-26 01:02:41.000 MDT,0,0,1,0,0,0,0,0,0,0,0,0,0,0,0,0
98,2016-08-26 01:15:00.000 MDT,0,0,0,0,0,0,1,0,0,0,0,0,0,0,0,0
99,2016-08-26 01:15:59.000 MDT,0,1,0,0,0,0,0,0,0,0,0,0,0,0,0,0
100,2016-08-26 01:17:25.000 MDT,0,0,1,0,0,0,0,0,0,0,0,0,0,0,0,0
101,2016-08-26 01:20:14.000 MDT,0,0,0,1,0,0,0,0,0,0,0,0,0,0,0,0
102,2016-08-26 01:24:57.000 MDT,0,0,1,0,0,0,0,0,0,0,0,0,0,0,0,0
103,2016-08-26 01:27:09.000 MDT,0,1,0,0,0,0,0,0,0,0,0,0,0,0,0,0
104,2016-08-26 01:27:59.000 MDT,1,0,0,0,0,0,0,0,0,0,0,0,0,0,0,0
105,2016-08-26 01:30:35.000 MDT,0,1,0,0,0,0,0,0,0,0,0,0,0,0,0,0
106,2016-08-26 01:35:29.000 MDT,0,1,0,0,0,0,0,0,0,0,0,0,0,0,0,0
107,2016-08-26 01:40:46.000 MDT,0,0,0,0,1,0,0,0,0,0,0,0,0,0,0,0
108,2016-08-26 01:50:17.000 MDT,0,0,0,0,0,0,0,0,0,1,0,0,0,0,0,0
109,2016-08-26 01:53:51.000 MDT,0,1,0,0,0,0,0,0,0,0,0,0,0,0,0,0
110,2016-08-26 01:56:52.000 MDT,0,1,0,0,0,0,0,0,0,0,0,0,0,0,0,0
111,2016-08-26 01:57:47.000 MDT,0,1,0,0,0,0,0,0,0,0,0,0,0,0,0,0
112,2016-08-26 01:57:52.000 MDT,0,0,1,0,0,0,0,0,0,0,0,0,0,0,0,0
113,2016-08-26 01:57:58.000 MDT,1,0,0,0,0,0,0,0,0,0,0,0,0,0,0,0
114,2016-08-26 02:03:16.000 MDT,1,0,0,0,0,0,0,0,0,0,0,0,0,0,0,0
115,2016-08-26 02:04:08.000 MDT,0,0,1,0,0,0,0,0,0,0,0,0,0,0,0,0
116,2016-08-26 02:10:55.000 MDT,0,0,1,0,0,0,0,0,0,0,0,0,0,0,0,0
117,2016-08-26 02:11:47.000 MDT,0,0,0,1,0,0,0,0,0,0,0,0,0,0,0,0
118,2016-08-26 02:12:30.000 MDT,0,0,1,0,0,0,0,0,0,0,0,0,0,0,0,0
119,2016-08-26 02:13:32.000 MDT,0,0,1,0,0,0,0,0,0,0,0,0,0,0,0,0
120,2016-08-26 02:16:45.000 MDT,0,1,0,0,0,0,0,0,0,0,0,0,0,0,0,0
121,2016-08-26 02:22:17.000 MDT,0,1,0,0,0,0,0,0,0,0,0,0,0,0,0,0
122,2016-08-26 02:24:01.000 MDT,0,0,1,0,0,0,0,0,0,0,0,0,0,0,0,0
123,2016-08-26 02:24:39.000 MDT,0,0,1,0,0,0,0,0,0,0,0,0,0,0,0,0
124,2016-08-26 02:25:28.000 MDT,0,1,0,0,0,0,0,0,0,0,0,0,0,0,0,0
125,2016-08-26 02:28:28.000 MDT,0,0,0,0,1,0,0,0,0,0,0,0,0,0,0,0
126,2016-08-26 02:30:45.000 MDT,1,0,0,0,0,0,0,0,0,0,0,0,0,0,0,0
127,2016-08-26 02:31:33.000 MDT,0,0,1,0,0,0,0,0,0,0,0,0,0,0,0,0
128,2016-08-26 02:38:14.000 MDT,0,0,1,0,0,0,0,0,0,0,0,0,0,0,0,0
129,2016-08-26 02:41:24.000 MDT,0,0,1,0,0,0,0,0,0,0,0,0,0,0,0,0
130,2016-08-26 02:49:51.000 MDT,0,1,0,0,0,0,0,0,0,0,0,0,0,0,0,0
131,2016-08-26 02:50:24.000 MDT,0,0,0,1,0,0,0,0,0,0,0,0,0,0,0,0
132,2016-08-26 02:52:01.000 MDT,1,0,0,0,0,0,0,0,0,0,0,0,0,0,0,0
133,2016-08-26 02:55:00.000 MDT,0,0,0,1,0,0,0,0,0,0,0,0,0,0,0,0
134,2016-08-26 02:59:21.000 MDT,0,0,1,0,0,0,0,0,0,0,0,0,0,0,0,0
135,2016-08-26 03:03:42.000 MDT,0,1,0,0,0,0,0,0,0,0,0,0,0,0,0,0
136,2016-08-26 03:03:42.000 MDT,0,1,0,0,0,0,0,0,0,0,0,0,0,0,0,0
137,2016-08-26 03:04:51.000 MDT,0,0,1,0,0,0,0,0,0,0,0,0,0,0,0,0
138,2016-08-26 03:10:18.000 MDT,0,0,0,0,0,1,0,0,0,0,0,0,0,0,0,0
139,2016-08-26 03:10:22.000 MDT,0,0,0,0,0,0,1,0,0,0,0,0,0,0,0,0
140,2016-08-26 03:12:28.000 MDT,0,0,0,0,1,0,0,0,0,0,0,0,0,0,0,0
141,2016-08-26 03:15:22.000 MDT,0,0,1,0,0,0,0,0,0,0,0,0,0,0,0,0
142,2016-08-26 03:16:07.000 MDT,0,0,1,0,0,0,0,0,0,0,0,0,0,0,0,0
143,2016-08-26 03:20:12.000 MDT,0,0,1,0,0,0,0,0,0,0,0,0,0,0,0,0
144,2016-08-26 03:27:39.000 MDT,0,1,0,0,0,0,0,0,0,0,0,0,0,0,0,0
145,2016-08-26 03:30:12.000 MDT,0,0,1,0,0,0,0,0,0,0,0,0,0,0,0,0
146,2016-08-26 03:31:00.000 MDT,0,1,0,0,0,0,0,0,0,0,0,0,0,0,0,0
147,2016-08-26 03:31:19.000 MDT,0,0,1,0,0,0,0,0,0,0,0,0,0,0,0,0
148,2016-08-26 03:35:27.000 MDT,0,1,0,0,0,0,0,0,0,0,0,0,0,0,0,0
149,2016-08-26 03:35:51.000 MDT,0,0,1,0,0,0,0,0,0,0,0,0,0,0,0,0
150,2016-08-26 03:35:52.000 MDT,0,0,0,0,0,1,0,0,0,0,0,0,0,0,0,0
151,2016-08-26 03:37:57.000 MDT,0,0,1,0,0,0,0,0,0,0,0,0,0,0,0,0
152,2016-08-26 03:47:27.000 MDT,0,1,0,0,0,0,0,0,0,0,0,0,0,0,0,0
153,2016-08-26 03:48:30.000 MDT,1,0,0,0,0,0,0,0,0,0,0,0,0,0,0,0
154,2016-08-26 03:49:53.000 MDT,0,0,0,0,1,0,0,0,0,0,0,0,0,0,0,0
155,2016-08-26 03:58:26.000 MDT,0,1,0,0,0,0,0,0,0,0,0,0,0,0,0,0
156,2016-08-26 03:59:41.000 MDT,1,0,0,0,0,0,0,0,0,0,0,0,0,0,0,0
157,2016-08-26 04:04:28.000 MDT,0,1,0,0,0,0,0,0,0,0,0,0,0,0,0,0
158,2016-08-26 04:05:13.000 MDT,1,0,0,0,0,0,0,0,0,0,0,0,0,0,0,0
159,2016-08-26 04:07:43.000 MDT,0,0,1,0,0,0,0,0,0,0,0,0,0,0,0,0
160,2016-08-26 04:22:16.000 MDT,1,0,0,0,0,0,0,0,0,0,0,0,0,0,0,0
161,2016-08-26 04:22:41.000 MDT,0,0,1,0,0,0,0,0,0,0,0,0,0,0,0,0
162,2016-08-26 04:23:20.000 MDT,0,0,1,0,0,0,0,0,0,0,0,0,0,0,0,0
163,2016-08-26 04:33:54.000 MDT,1,0,0,0,0,0,0,0,0,0,0,0,0,0,0,0
164,2016-08-26 04:34:02.000 MDT,0,1,0,0,0,0,0,0,0,0,0,0,0,0,0,0
165,2016-08-26 04:34:27.000 MDT,1,0,0,0,0,0,0,0,0,0,0,0,0,0,0,0
166,2016-08-26 04:40:33.000 MDT,1,0,0,0,0,0,0,0,0,0,0,0,0,0,0,0
167,2016-08-26 04:44:15.000 MDT,0,0,0,0,1,0,0,0,0,0,0,0,0,0,0,0
168,2016-08-26 04:49:12.000 MDT,0,1,0,0,0,0,0,0,0,0,0,0,0,0,0,0
169,2016-08-26 04:49:14.000 MDT,0,1,0,0,0,0,0,0,0,0,0,0,0,0,0,0
170,2016-08-26 04:49:45.000 MDT,0,1,0,0,0,0,0,0,0,0,0,0,0,0,0,0
171,2016-08-26 04:49:52.000 MDT,0,0,0,0,0,1,0,0,0,0,0,0,0,0,0,0
172,2016-08-26 04:50:32.000 MDT,0,1,0,0,0,0,0,0,0,0,0,0,0,0,0,0
173,2016-08-26 04:53:43.000 MDT,0,0,0,0,0,1,0,0,0,0,0,0,0,0,0,0
174,2016-08-26 04:56:56.000 MDT,0,1,0,0,0,0,0,0,0,0,0,0,0,0,0,0
175,2016-08-26 04:57:22.000 MDT,0,0,1,0,0,0,0,0,0,0,0,0,0,0,0,0
176,2016-08-26 04:59:14.000 MDT,0,1,0,0,0,0,0,0,0,0,0,0,0,0,0,0
177,2016-08-26 05:02:33.000 MDT,0,0,1,0,0,0,0,0,0,0,0,0,0,0,0,0
178,2016-08-26 05:03:13.000 MDT,0,1,0,0,0,0,0,0,0,0,0,0,0,0,0,0
179,2016-08-26 05:04:40.000 MDT,0,1,0,0,0,0,0,0,0,0,0,0,0,0,0,0
180,2016-08-26 05:04:56.000 MDT,0,0,1,0,0,0,0,0,0,0,0,0,0,0,0,0
181,2016-08-26 05:16:13.000 MDT,0,0,0,0,0,1,0,0,0,0,0,0,0,0,0,0
182,2016-08-26 05:21:16.000 MDT,0,1,0,0,0,0,0,0,0,0,0,0,0,0,0,0
183,2016-08-26 05:21:40.000 MDT,0,1,0,0,0,0,0,0,0,0,0,0,0,0,0,0
184,2016-08-26 05:23:37.000 MDT,0,0,0,1,0,0,0,0,0,0,0,0,0,0,0,0
185,2016-08-26 05:24:00.000 MDT,0,0,1,0,0,0,0,0,0,0,0,0,0,0,0,0
186,2016-08-26 05:25:12.000 MDT,0,0,1,0,0,0,0,0,0,0,0,0,0,0,0,0
187,2016-08-26 05:28:12.000 MDT,0,1,0,0,0,0,0,0,0,0,0,0,0,0,0,0
188,2016-08-26 05:29:08.000 MDT,0,1,0,0,0,0,0,0,0,0,0,0,0,0,0,0
189,2016-08-26 05:31:41.000 MDT,0,0,1,0,0,0,0,0,0,0,0,0,0,0,0,0
190,2016-08-26 05:35:22.000 MDT,0,0,0,1,0,0,0,0,0,0,0,0,0,0,0,0
191,2016-08-26 05:35:26.000 MDT,0,0,1,0,0,0,0,0,0,0,0,0,0,0,0,0
192,2016-08-26 05:36:00.000 MDT,1,0,0,0,0,0,0,0,0,0,0,0,0,0,0,0
193,2016-08-26 05:39:54.000 MDT,0,0,1,0,0,0,0,0,0,0,0,0,0,0,0,0
194,2016-08-26 05:42:21.000 MDT,0,0,0,0,1,0,0,0,0,0,0,0,0,0,0,0
195,2016-08-26 05:45:27.000 MDT,0,0,1,0,0,0,0,0,0,0,0,0,0,0,0,0
196,2016-08-26 05:49:00.000 MDT,0,1,0,0,0,0,0,0,0,0,0,0,0,0,0,0
197,2016-08-26 05:50:07.000 MDT,0,0,0,0,1,0,0,0,0,0,0,0,0,0,0,0
198,2016-08-26 05:52:16.000 MDT,0,0,1,0,0,0,0,0,0,0,0,0,0,0,0,0
199,2016-08-26 05:53:24.000 MDT,1,0,0,0,0,0,0,0,0,0,0,0,0,0,0,0
200,2016-08-26 05:55:16.000 MDT,0,0,1,0,0,0,0,0,0,0,0,0,0,0,0,0
201,2016-08-26 05:57:16.000 MDT,0,1,0,0,0,0,0,0,0,0,0,0,0,0,0,0
202,2016-08-26 05:57:33.000 MDT,0,0,1,0,0,0,0,0,0,0,0,0,0,0,0,0
203,2016-08-26 05:58:28.000 MDT,0,0,0,0,0,1,0,0,0,0,0,0,0,0,0,0
204,2016-08-26 06:00:33.000 MDT,0,0,1,0,0,0,0,0,0,0,0,0,0,0,0,0
205,2016-08-26 06:03:02.000 MDT,0,0,1,0,0,0,0,0,0,0,0,0,0,0,0,0
206,2016-08-26 06:06:54.000 MDT,0,1,0,0,0,0,0,0,0,0,0,0,0,0,0,0
207,2016-08-26 06:10:03.000 MDT,0,0,1,0,0,0,0,0,0,0,0,0,0,0,0,0
208,2016-08-26 06:11:58.000 MDT,0,0,1,0,0,0,0,0,0,0,0,0,0,0,0,0
209,2016-08-26 06:16:19.000 MDT,1,0,0,0,0,0,0,0,0,0,0,0,0,0,0,0
210,2016-08-26 06:17:49.000 MDT,0,0,0,1,0,0,0,0,0,0,0,0,0,0,0,0
211,2016-08-26 06:20:25.000 MDT,0,1,0,0,0,0,0,0,0,0,0,0,0,0,0,0
212,2016-08-26 06:20:31.000 MDT,0,0,1,0,0,0,0,0,0,0,0,0,0,0,0,0
213,2016-08-26 06:24:13.000 MDT,0,0,1,0,0,0,0,0,0,0,0,0,0,0,0,0
214,2016-08-26 06:25:09.000 MDT,0,1,0,0,0,0,0,0,0,0,0,0,0,0,0,0
215,2016-08-26 06:25:20.000 MDT,0,0,1,0,0,0,0,0,0,0,0,0,0,0,0,0
216,2016-08-26 06:25:31.000 MDT,1,0,0,0,0,0,0,0,0,0,0,0,0,0,0,0
217,2016-08-26 06:25:34.000 MDT,0,0,0,0,1,0,0,0,0,0,0,0,0,0,0,0
218,2016-08-26 06:30:39.000 MDT,1,0,0,0,0,0,0,0,0,0,0,0,0,0,0,0
219,2016-08-26 06:35:03.000 MDT,0,1,0,0,0,0,0,0,0,0,0,0,0,0,0,0
220,2016-08-26 06:42:15.000 MDT,0,0,1,0,0,0,0,0,0,0,0,0,0,0,0,0
221,2016-08-26 06:42:43.000 MDT,1,0,0,0,0,0,0,0,0,0,0,0,0,0,0,0
222,2016-08-26 06:45:38.000 MDT,0,0,0,0,0,1,0,0,0,0,0,0,0,0,0,0
223,2016-08-26 06:45:48.000 MDT,0,0,1,0,0,0,0,0,0,0,0,0,0,0,0,0
224,2016-08-26 06:48:28.000 MDT,0,0,1,0,0,0,0,0,0,0,0,0,0,0,0,0
225,2016-08-26 06:54:05.000 MDT,0,1,0,0,0,0,0,0,0,0,0,0,0,0,0,0
226,2016-08-26 07:05:42.000 MDT,0,1,0,0,0,0,0,0,0,0,0,0,0,0,0,0
227,2016-08-26 07:11:27.000 MDT,0,0,1,0,0,0,0,0,0,0,0,0,0,0,0,0
228,2016-08-26 07:23:40.000 MDT,0,1,0,0,0,0,0,0,0,0,0,0,0,0,0,0
229,2016-08-26 07:25:57.000 MDT,0,0,1,0,0,0,0,0,0,0,0,0,0,0,0,0
230,2016-08-26 07:32:41.000 MDT,0,1,0,0,0,0,0,0,0,0,0,0,0,0,0,0
231,2016-08-26 07:33:07.000 MDT,1,0,0,0,0,0,0,0,0,0,0,0,0,0,0,0
232,2016-08-26 07:37:29.000 MDT,0,0,1,0,0,0,0,0,0,0,0,0,0,0,0,0
233,2016-08-26 07:38:08.000 MDT,0,1,0,0,0,0,0,0,0,0,0,0,0,0,0,0
234,2016-08-26 07:39:01.000 MDT,0,1,0,0,0,0,0,0,0,0,0,0,0,0,0,0
235,2016-08-26 07:42:14.000 MDT,0,1,0,0,0,0,0,0,0,0,0,0,0,0,0,0
236,2016-08-26 07:46:33.000 MDT,0,0,1,0,0,0,0,0,0,0,0,0,0,0,0,0
237,2016-08-26 07:53:12.000 MDT,0,0,1,0,0,0,0,0,0,0,0,0,0,0,0,0
238,2016-08-26 07:54:56.000 MDT,0,0,1,0,0,0,0,0,0,0,0,0,0,0,0,0
239,2016-08-26 07:55:33.000 MDT,1,0,0,0,0,0,0,0,0,0,0,0,0,0,0,0
240,2016-08-26 07:55:53.000 MDT,0,1,0,0,0,0,0,0,0,0,0,0,0,0,0,0
241,2016-08-26 07:58:02.000 MDT,0,0,0,1,0,0,0,0,0,0,0,0,0,0,0,0
242,2016-08-26 08:04:19.000 MDT,0,1,0,0,0,0,0,0,0,0,0,0,0,0,0,0
243,2016-08-26 08:08:03.000 MDT,0,1,0,0,0,0,0,0,0,0,0,0,0,0,0,0
244,2016-08-26 08:09:53.000 MDT,0,0,1,0,0,0,0,0,0,0,0,0,0,0,0,0
245,2016-08-26 08:10:09.000 MDT,0,0,0,0,0,0,1,0,0,0,0,0,0,0,0,0
246,2016-08-26 08:13:55.000 MDT,1,0,0,0,0,0,0,0,0,0,0,0,0,0,0,0
247,2016-08-26 08:15:05.000 MDT,0,0,1,0,0,0,0,0,0,0,0,0,0,0,0,0
248,2016-08-26 08:17:52.000 MDT,1,0,0,0,0,0,0,0,0,0,0,0,0,0,0,0
249,2016-08-26 08:18:16.000 MDT,1,0,0,0,0,0,0,0,0,0,0,0,0,0,0,0
250,2016-08-26 08:22:13.000 MDT,0,0,0,0,0,1,0,0,0,0,0,0,0,0,0,0
251,2016-08-26 08:24:39.000 MDT,0,0,0,0,1,0,0,0,0,0,0,0,0,0,0,0
252,2016-08-26 08:26:50.000 MDT,1,0,0,0,0,0,0,0,0,0,0,0,0,0,0,0
253,2016-08-26 08:33:03.000 MDT,0,1,0,0,0,0,0,0,0,0,0,0,0,0,0,0
254,2016-08-26 08:35:09.000 MDT,0,1,0,0,0,0,0,0,0,0,0,0,0,0,0,0
255,2016-08-26 08:38:25.000 MDT,0,0,0,0,0,0,1,0,0,0,0,0,0,0,0,0
256,2016-08-26 08:39:44.000 MDT,0,0,0,1,0,0,0,0,0,0,0,0,0,0,0,0
257,2016-08-26 08:39:46.000 MDT,0,0,1,0,0,0,0,0,0,0,0,0,0,0,0,0
258,2016-08-26 08:41:29.000 MDT,0,1,0,0,0,0,0,0,0,0,0,0,0,0,0,0
259,2016-08-26 08:42:28.000 MDT,1,0,0,0,0,0,0,0,0,0,0,0,0,0,0,0
260,2016-08-26 08:46:56.000 MDT,0,0,0,1,0,0,0,0,0,0,0,0,0,0,0,0
261,2016-08-26 08:49:35.000 MDT,0,1,0,0,0,0,0,0,0,0,0,0,0,0,0,0
262,2016-08-26 08:50:45.000 MDT,0,1,0,0,0,0,0,0,0,0,0,0,0,0,0,0
263,2016-08-26 08:53:45.000 MDT,0,0,1,0,0,0,0,0,0,0,0,0,0,0,0,0
264,2016-08-26 08:57:00.000 MDT,1,0,0,0,0,0,0,0,0,0,0,0,0,0,0,0
265,2016-08-26 08:58:09.000 MDT,0,0,1,0,0,0,0,0,0,0,0,0,0,0,0,0
266,2016-08-26 08:59:14.000 MDT,0,1,0,0,0,0,0,0,0,0,0,0,0,0,0,0
267,2016-08-26 09:01:40.000 MDT,0,0,1,0,0,0,0,0,0,0,0,0,0,0,0,0
268,2016-08-26 09:02:51.000 MDT,0,1,0,0,0,0,0,0,0,0,0,0,0,0,0,0
269,2016-08-26 09:08:03.000 MDT,0,0,1,0,0,0,0,0,0,0,0,0,0,0,0,0
270,2016-08-26 09:10:38.000 MDT,0,1,0,0,0,0,0,0,0,0,0,0,0,0,0,0
271,2016-08-26 09:15:18.000 MDT,1,0,0,0,0,0,0,0,0,0,0,0,0,0,0,0
272,2016-08-26 09:15:22.000 MDT,0,0,0,0,1,0,0,0,0,0,0,0,0,0,0,0
273,2016-08-26 09:16:51.000 MDT,0,0,0,1,0,0,0,0,0,0,0,0,0,0,0,0
274,2016-08-26 09:18:07.000 MDT,1,0,0,0,0,0,0,0,0,0,0,0,0,0,0,0
275,2016-08-26 09:23:18.000 MDT,0,1,0,0,0,0,0,0,0,0,0,0,0,0,0,0
276,2016-08-26 09:28:07.000 MDT,0,0,0,0,0,1,0,0,0,0,0,0,0,0,0,0
277,2016-08-26 09:28:08.000 MDT,1,0,0,0,0,0,0,0,0,0,0,0,0,0,0,0
278,2016-08-26 09:29:42.000 MDT,1,0,0,0,0,0,0,0,0,0,0,0,0,0,0,0
279,2016-08-26 09:32:23.000 MDT,0,0,0,0,0,0,1,0,0,0,0,0,0,0,0,0
280,2016-08-26 09:34:06.000 MDT,0,1,0,0,0,0,0,0,0,0,0,0,0,0,0,0
281,2016-08-26 09:34:37.000 MDT,0,1,0,0,0,0,0,0,0,0,0,0,0,0,0,0
282,2016-08-26 09:35:35.000 MDT,0,1,0,0,0,0,0,0,0,0,0,0,0,0,0,0
283,2016-08-26 09:37:10.000 MDT,0,0,1,0,0,0,0,0,0,0,0,0,0,0,0,0
284,2016-08-26 09:41:03.000 MDT,0,1,0,0,0,0,0,0,0,0,0,0,0,0,0,0
285,2016-08-26 09:44:54.000 MDT,0,0,1,0,0,0,0,0,0,0,0,0,0,0,0,0
286,2016-08-26 09:46:41.000 MDT,0,1,0,0,0,0,0,0,0,0,0,0,0,0,0,0
287,2016-08-26 09:48:34.000 MDT,0,0,0,0,0,0,0,0,0,1,0,0,0,0,0,0
288,2016-08-26 09:48:38.000 MDT,0,0,1,0,0,0,0,0,0,0,0,0,0,0,0,0
289,2016-08-26 09:49:13.000 MDT,0,0,1,0,0,0,0,0,0,0,0,0,0,0,0,0
290,2016-08-26 09:51:23.000 MDT,1,0,0,0,0,0,0,0,0,0,0,0,0,0,0,0
291,2016-08-26 09:52:17.000 MDT,0,0,0,1,0,0,0,0,0,0,0,0,0,0,0,0
292,2016-08-26 09:57:50.000 MDT,0,1,0,0,0,0,0,0,0,0,0,0,0,0,0,0
293,2016-08-26 10:01:10.000 MDT,0,0,0,0,0,1,0,0,0,0,0,0,0,0,0,0
294,2016-08-26 10:03:12.000 MDT,0,0,0,0,0,1,0,0,0,0,0,0,0,0,0,0
295,2016-08-26 10:05:51.000 MDT,1,0,0,0,0,0,0,0,0,0,0,0,0,0,0,0
296,2016-08-26 10:06:41.000 MDT,0,1,0,0,0,0,0,0,0,0,0,0,0,0,0,0
297,2016-08-26 10:21:26.000 MDT,0,0,1,0,0,0,0,0,0,0,0,0,0,0,0,0
298,2016-08-26 10:26:08.000 MDT,0,1,0,0,0,0,0,0,0,0,0,0,0,0,0,0
299,2016-08-26 10:28:08.000 MDT,1,0,0,0,0,0,0,0,0,0,0,0,0,0,0,0
300,2016-08-26 10:28:13.000 MDT,0,0,1,0,0,0,0,0,0,0,0,0,0,0,0,0
301,2016-08-26 10:33:58.000 MDT,0,0,0,1,0,0,0,0,0,0,0,0,0,0,0,0
302,2016-08-26 10:35:06.000 MDT,1,0,0,0,0,0,0,0,0,0,0,0,0,0,0,0
303,2016-08-26 10:40:04.000 MDT,1,0,0,0,0,0,0,0,0,0,0,0,0,0,0,0
304,2016-08-26 10:43:47.000 MDT,0,0,0,0,0,1,0,0,0,0,0,0,0,0,0,0
305,2016-08-26 10:43:58.000 MDT,0,0,1,0,0,0,0,0,0,0,0,0,0,0,0,0
306,2016-08-26 10:49:41.000 MDT,0,1,0,0,0,0,0,0,0,0,0,0,0,0,0,0
307,2016-08-26 10:56:41.000 MDT,0,0,0,0,0,0,0,0,0,1,0,0,0,0,0,0
308,2016-08-26 10:59:45.000 MDT,0,0,1,0,0,0,0,0,0,0,0,0,0,0,0,0
309,2016-08-26 11:00:49.000 MDT,0,0,0,0,1,0,0,0,0,0,0,0,0,0,0,0
310,2016-08-26 11:03:07.000 MDT,1,0,0,0,0,0,0,0,0,0,0,0,0,0,0,0
311,2016-08-26 11:06:44.000 MDT,0,1,0,0,0,0,0,0,0,0,0,0,0,0,0,0
312,2016-08-26 11:11:20.000 MDT,1,0,0,0,0,0,0,0,0,0,0,0,0,0,0,0
313,2016-08-26 11:13:24.000 MDT,1,0,0,0,0,0,0,0,0,0,0,0,0,0,0,0
314,2016-08-26 11:23:02.000 MDT,0,0,1,0,0,0,0,0,0,0,0,0,0,0,0,0
315,2016-08-26 11:23:30.000 MDT,0,1,0,0,0,0,0,0,0,0,0,0,0,0,0,0
316,2016-08-26 11:26:35.000 MDT,0,0,1,0,0,0,0,0,0,0,0,0,0,0,0,0
317,2016-08-26 11:29:46.000 MDT,0,0,1,0,0,0,0,0,0,0,0,0,0,0,0,0
318,2016-08-26 11:34:27.000 MDT,0,0,1,0,0,0,0,0,0,0,0,0,0,0,0,0
319,2016-08-26 11:35:39.000 MDT,0,0,1,0,0,0,0,0,0,0,0,0,0,0,0,0
320,2016-08-26 11:35:54.000 MDT,1,0,0,0,0,0,0,0,0,0,0,0,0,0,0,0
321,2016-08-26 11:43:53.000 MDT,0,0,0,1,0,0,0,0,0,0,0,0,0,0,0,0
322,2016-08-26 11:45:49.000 MDT,0,1,0,0,0,0,0,0,0,0,0,0,0,0,0,0
323,2016-08-26 11:53:41.000 MDT,0,1,0,0,0,0,0,0,0,0,0,0,0,0,0,0
324,2016-08-26 11:54:46.000 MDT,0,0,0,0,0,0,0,0,0,0,1,0,0,0,0,0
325,2016-08-26 11:59:23.000 MDT,0,1,0,0,0,0,0,0,0,0,0,0,0,0,0,0
326,2016-08-26 11:59:56.000 MDT,1,0,0,0,0,0,0,0,0,0,0,0,0,0,0,0
327,2016-08-26 12:00:16.000 MDT,1,0,0,0,0,0,0,0,0,0,0,0,0,0,0,0
328,2016-08-26 12:08:00.000 MDT,0,1,0,0,0,0,0,0,0,0,0,0,0,0,0,0
329,2016-08-26 12:17:04.000 MDT,1,0,0,0,0,0,0,0,0,0,0,0,0,0,0,0
330,2016-08-26 12:20:14.000 MDT,0,0,1,0,0,0,0,0,0,0,0,0,0,0,0,0
331,2016-08-26 12:24:08.000 MDT,0,1,0,0,0,0,0,0,0,0,0,0,0,0,0,0
332,2016-08-26 12:27:01.000 MDT,0,0,1,0,0,0,0,0,0,0,0,0,0,0,0,0
333,2016-08-26 12:27:37.000 MDT,0,0,1,0,0,0,0,0,0,0,0,0,0,0,0,0
334,2016-08-26 12:28:19.000 MDT,0,1,0,0,0,0,0,0,0,0,0,0,0,0,0,0
335,2016-08-26 12:29:15.000 MDT,0,1,0,0,0,0,0,0,0,0,0,0,0,0,0,0
336,2016-08-26 12:34:41.000 MDT,1,0,0,0,0,0,0,0,0,0,0,0,0,0,0,0
337,2016-08-26 12:44:26.000 MDT,0,0,1,0,0,0,0,0,0,0,0,0,0,0,0,0
338,2016-08-26 12:51:15.000 MDT,0,1,0,0,0,0,0,0,0,0,0,0,0,0,0,0
339,2016-08-26 12:51:40.000 MDT,0,0,0,0,0,0,1,0,0,0,0,0,0,0,0,0
340,2016-08-26 12:51:42.000 MDT,0,1,0,0,0,0,0,0,0,0,0,0,0,0,0,0
341,2016-08-26 12:52:41.000 MDT,0,0,0,0,1,0,0,0,0,0,0,0,0,0,0,0
342,2016-08-26 12:58:06.000 MDT,0,0,1,0,0,0,0,0,0,0,0,0,0,0,0,0
343,2016-08-26 13:05:31.000 MDT,0,1,0,0,0,0,0,0,0,0,0,0,0,0,0,0
344,2016-08-26 13:05:41.000 MDT,0,0,0,0,0,1,0,0,0,0,0,0,0,0,0,0
345,2016-08-26 13:22:05.000 MDT,0,0,1,0,0,0,0,0,0,0,0,0,0,0,0,0
346,2016-08-26 13:22:38.000 MDT,0,1,0,0,0,0,0,0,0,0,0,0,0,0,0,0
347,2016-08-26 13:32:26.000 MDT,0,0,1,0,0,0,0,0,0,0,0,0,0,0,0,0
348,2016-08-26 13:38:19.000 MDT,1,0,0,0,0,0,0,0,0,0,0,0,0,0,0,0
349,2016-08-26 13:38:26.000 MDT,1,0,0,0,0,0,0,0,0,0,0,0,0,0,0,0
350,2016-08-26 13:39:23.000 MDT,0,1,0,0,0,0,0,0,0,0,0,0,0,0,0,0
351,2016-08-26 13:40:07.000 MDT,0,0,1,0,0,0,0,0,0,0,0,0,0,0,0,0
352,2016-08-26 13:40:45.000 MDT,0,0,0,1,0,0,0,0,0,0,0,0,0,0,0,0
353,2016-08-26 13:43:07.000 MDT,0,1,0,0,0,0,0,0,0,0,0,0,0,0,0,0
354,2016-08-26 13:52:22.000 MDT,0,0,1,0,0,0,0,0,0,0,0,0,0,0,0,0
355,2016-08-26 13:56:03.000 MDT,1,0,0,0,0,0,0,0,0,0,0,0,0,0,0,0
356,2016-08-26 13:57:17.000 MDT,0,0,0,0,0,0,1,0,0,0,0,0,0,0,0,0
357,2016-08-26 14:01:34.000 MDT,0,1,0,0,0,0,0,0,0,0,0,0,0,0,0,0
358,2016-08-26 14:01:39.000 MDT,1,0,0,0,0,0,0,0,0,0,0,0,0,0,0,0
359,2016-08-26 14:02:40.000 MDT,1,0,0,0,0,0,0,0,0,0,0,0,0,0,0,0
360,2016-08-26 14:08:41.000 MDT,0,0,0,1,0,0,0,0,0,0,0,0,0,0,0,0
361,2016-08-26 14:09:17.000 MDT,0,1,0,0,0,0,0,0,0,0,0,0,0,0,0,0
362,2016-08-26 14:11:14.000 MDT,1,0,0,0,0,0,0,0,0,0,0,0,0,0,0,0
363,2016-08-26 14:12:04.000 MDT,0,1,0,0,0,0,0,0,0,0,0,0,0,0,0,0
364,2016-08-26 14:12:16.000 MDT,0,1,0,0,0,0,0,0,0,0,0,0,0,0,0,0
365,2016-08-26 14:13:09.000 MDT,0,0,1,0,0,0,0,0,0,0,0,0,0,0,0,0
366,2016-08-26 14:20:25.000 MDT,0,0,1,0,0,0,0,0,0,0,0,0,0,0,0,0
367,2016-08-26 14:20:28.000 MDT,0,0,0,0,0,0,1,0,0,0,0,0,0,0,0,0
368,2016-08-26 14:21:22.000 MDT,1,0,0,0,0,0,0,0,0,0,0,0,0,0,0,0
369,2016-08-26 14:21:44.000 MDT,0,0,1,0,0,0,0,0,0,0,0,0,0,0,0,0
370,2016-08-26 14:23:44.000 MDT,0,1,0,0,0,0,0,0,0,0,0,0,0,0,0,0
371,2016-08-26 14:26:08.000 MDT,0,0,0,0,0,1,0,0,0,0,0,0,0,0,0,0
372,2016-08-26 14:26:10.000 MDT,0,0,1,0,0,0,0,0,0,0,0,0,0,0,0,0
373,2016-08-26 14:28:39.000 MDT,0,1,0,0,0,0,0,0,0,0,0,0,0,0,0,0
374,2016-08-26 14:29:56.000 MDT,0,0,0,0,0,1,0,0,0,0,0,0,0,0,0,0
375,2016-08-26 14:35:15.000 MDT,0,0,0,1,0,0,0,0,0,0,0,0,0,0,0,0
376,2016-08-26 14:40:06.000 MDT,0,0,1,0,0,0,0,0,0,0,0,0,0,0,0,0
377,2016-08-26 14:43:51.000 MDT,0,0,1,0,0,0,0,0,0,0,0,0,0,0,0,0
378,2016-08-26 14:52:19.000 MDT,0,0,1,0,0,0,0,0,0,0,0,0,0,0,0,0
379,2016-08-26 14:56:42.000 MDT,0,1,0,0,0,0,0,0,0,0,0,0,0,0,0,0
380,2016-08-26 15:03:33.000 MDT,0,0,0,1,0,0,0,0,0,0,0,0,0,0,0,0
381,2016-08-26 15:08:22.000 MDT,1,0,0,0,0,0,0,0,0,0,0,0,0,0,0,0
382,2016-08-26 15:14:37.000 MDT,1,0,0,0,0,0,0,0,0,0,0,0,0,0,0,0
383,2016-08-26 15:15:00.000 MDT,0,0,0,0,0,0,1,0,0,0,0,0,0,0,0,0
384,2016-08-26 15:18:34.000 MDT,0,0,0,0,0,0,0,0,0,0,0,1,0,0,0,0
385,2016-08-26 15:21:23.000 MDT,0,0,1,0,0,0,0,0,0,0,0,0,0,0,0,0
386,2016-08-26 15:22:03.000 MDT,0,0,1,0,0,0,0,0,0,0,0,0,0,0,0,0
387,2016-08-26 15:32:47.000 MDT,0,0,0,0,1,0,0,0,0,0,0,0,0,0,0,0
388,2016-08-26 15:34:16.000 MDT,0,0,1,0,0,0,0,0,0,0,0,0,0,0,0,0
389,2016-08-26 15:34:43.000 MDT,1,0,0,0,0,0,0,0,0,0,0,0,0,0,0,0
390,2016-08-26 15:35:09.000 MDT,0,0,0,0,0,0,1,0,0,0,0,0,0,0,0,0
391,2016-08-26 15:35:14.000 MDT,1,0,0,0,0,0,0,0,0,0,0,0,0,0,0,0
392,2016-08-26 15:37:53.000 MDT,0,1,0,0,0,0,0,0,0,0,0,0,0,0,0,0
393,2016-08-26 15:40:17.000 MDT,0,1,0,0,0,0,0,0,0,0,0,0,0,0,0,0
394,2016-08-26 15:46:36.000 MDT,0,0,1,0,0,0,0,0,0,0,0,0,0,0,0,0
395,2016-08-26 15:50:15.000 MDT,0,0,1,0,0,0,0,0,0,0,0,0,0,0,0,0
396,2016-08-26 15:50:21.000 MDT,0,0,1,0,0,0,0,0,0,0,0,0,0,0,0,0
397,2016-08-26 15:53:17.000 MDT,0,1,0,0,0,0,0,0,0,0,0,0,0,0,0,0
398,2016-08-26 15:55:28.000 MDT,0,0,1,0,0,0,0,0,0,0,0,0,0,0,0,0
399,2016-08-26 15:56:39.000 MDT,0,1,0,0,0,0,0,0,0,0,0,0,0,0,0,0
400,2016-08-26 15:58:33.000 MDT,1,0,0,0,0,0,0,0,0,0,0,0,0,0,0,0
401,2016-08-26 16:04:41.000 MDT,0,0,0,0,0,1,0,0,0,0,0,0,0,0,0,0
402,2016-08-26 16:07:44.000 MDT,0,0,0,1,0,0,0,0,0,0,0,0,0,0,0,0
403,2016-08-26 16:08:52.000 MDT,0,1,0,0,0,0,0,0,0,0,0,0,0,0,0,0
404,2016-08-26 16:10:20.000 MDT,0,1,0,0,0,0,0,0,0,0,0,0,0,0,0,0
405,2016-08-26 16:10:50.000 MDT,0,0,1,0,0,0,0,0,0,0,0,0,0,0,0,0
406,2016-08-26 16:13:21.000 MDT,0,0,0,0,0,0,1,0,0,0,0,0,0,0,0,0
407,2016-08-26 16:13:53.000 MDT,0,1,0,0,0,0,0,0,0,0,0,0,0,0,0,0
408,2016-08-26 16:15:00.000 MDT,0,1,0,0,0,0,0,0,0,0,0,0,0,0,0,0
409,2016-08-26 16:16:38.000 MDT,0,0,0,0,1,0,0,0,0,0,0,0,0,0,0,0
410,2016-08-26 16:19:50.000 MDT,0,0,1,0,0,0,0,0,0,0,0,0,0,0,0,0
411,2016-08-26 16:23:40.000 MDT,1,0,0,0,0,0,0,0,0,0,0,0,0,0,0,0
412,2016-08-26 16:24:09.000 MDT,0,0,0,0,1,0,0,0,0,0,0,0,0,0,0,0
413,2016-08-26 16:24:29.000 MDT,0,1,0,0,0,0,0,0,0,0,0,0,0,0,0,0
414,2016-08-26 16:24:38.000 MDT,1,0,0,0,0,0,0,0,0,0,0,0,0,0,0,0
415,2016-08-26 16:25:06.000 MDT,1,0,0,0,0,0,0,0,0,0,0,0,0,0,0,0
416,2016-08-26 16:30:51.000 MDT,1,0,0,0,0,0,0,0,0,0,0,0,0,0,0,0
417,2016-08-26 16:36:33.000 MDT,0,0,0,0,0,1,0,0,0,0,0,0,0,0,0,0
418,2016-08-26 16:36:51.000 MDT,0,0,0,0,1,0,0,0,0,0,0,0,0,0,0,0
419,2016-08-26 16:37:25.000 MDT,1,0,0,0,0,0,0,0,0,0,0,0,0,0,0,0
420,2016-08-26 16:38:21.000 MDT,0,0,0,1,0,0,0,0,0,0,0,0,0,0,0,0
421,2016-08-26 16:47:24.000 MDT,1,0,0,0,0,0,0,0,0,0,0,0,0,0,0,0
422,2016-08-26 16:49:33.000 MDT,0,0,1,0,0,0,0,0,0,0,0,0,0,0,0,0
423,2016-08-26 16:54:15.000 MDT,1,0,0,0,0,0,0,0,0,0,0,0,0,0,0,0
424,2016-08-26 16:54:53.000 MDT,0,0,1,0,0,0,0,0,0,0,0,0,0,0,0,0
425,2016-08-26 17:06:57.000 MDT,0,0,1,0,0,0,0,0,0,0,0,0,0,0,0,0
426,2016-08-26 17:07:03.000 MDT,1,0,0,0,0,0,0,0,0,0,0,0,0,0,0,0
427,2016-08-26 17:10:05.000 MDT,0,1,0,0,0,0,0,0,0,0,0,0,0,0,0,0
428,2016-08-26 17:19:42.000 MDT,0,0,0,1,0,0,0,0,0,0,0,0,0,0,0,0
429,2016-08-26 17:20:35.000 MDT,1,0,0,0,0,0,0,0,0,0,0,0,0,0,0,0
430,2016-08-26 17:29:56.000 MDT,0,0,1,0,0,0,0,0,0,0,0,0,0,0,0,0
431,2016-08-26 17:30:28.000 MDT,0,0,1,0,0,0,0,0,0,0,0,0,0,0,0,0
432,2016-08-26 17:34:12.000 MDT,0,1,0,0,0,0,0,0,0,0,0,0,0,0,0,0
433,2016-08-26 17:40:57.000 MDT,0,0,0,1,0,0,0,0,0,0,0,0,0,0,0,0
434,2016-08-26 17:43:30.000 MDT,0,1,0,0,0,0,0,0,0,0,0,0,0,0,0,0
435,2016-08-26 17:46:00.000 MDT,1,0,0,0,0,0,0,0,0,0,0,0,0,0,0,0
436,2016-08-26 17:48:14.000 MDT,0,1,0,0,0,0,0,0,0,0,0,0,0,0,0,0
437,2016-08-26 17:49:48.000 MDT,0,1,0,0,0,0,0,0,0,0,0,0,0,0,0,0
438,2016-08-26 17:49:52.000 MDT,0,1,0,0,0,0,0,0,0,0,0,0,0,0,0,0
439,2016-08-26 17:58:17.000 MDT,1,0,0,0,0,0,0,0,0,0,0,0,0,0,0,0
440,2016-08-26 17:59:28.000 MDT,0,0,1,0,0,0,0,0,0,0,0,0,0,0,0,0
441,2016-08-26 18:01:46.000 MDT,0,1,0,0,0,0,0,0,0,0,0,0,0,0,0,0
442,2016-08-26 18:02:53.000 MDT,0,0,0,0,1,0,0,0,0,0,0,0,0,0,0,0
443,2016-08-26 18:05:44.000 MDT,0,0,0,1,0,0,0,0,0,0,0,0,0,0,0,0
444,2016-08-26 18:07:17.000 MDT,0,1,0,0,0,0,0,0,0,0,0,0,0,0,0,0
445,2016-08-26 18:09:29.000 MDT,0,0,1,0,0,0,0,0,0,0,0,0,0,0,0,0
446,2016-08-26 18:14:38.000 MDT,0,1,0,0,0,0,0,0,0,0,0,0,0,0,0,0
447,2016-08-26 18:17:18.000 MDT,0,0,1,0,0,0,0,0,0,0,0,0,0,0,0,0
448,2016-08-26 18:23:58.000 MDT,1,0,0,0,0,0,0,0,0,0,0,0,0,0,0,0
449,2016-08-26 18:25:16.000 MDT,1,0,0,0,0,0,0,0,0,0,0,0,0,0,0,0
450,2016-08-26 18:30:49.000 MDT,0,0,1,0,0,0,0,0,0,0,0,0,0,0,0,0
451,2016-08-26 18:32:17.000 MDT,1,0,0,0,0,0,0,0,0,0,0,0,0,0,0,0
452,2016-08-26 18:35:04.000 MDT,0,0,1,0,0,0,0,0,0,0,0,0,0,0,0,0
453,2016-08-26 18:35:05.000 MDT,0,1,0,0,0,0,0,0,0,0,0,0,0,0,0,0
454,2016-08-26 18:39:00.000 MDT,0,1,0,0,0,0,0,0,0,0,0,0,0,0,0,0
455,2016-08-26 18:42:45.000 MDT,0,1,0,0,0,0,0,0,0,0,0,0,0,0,0,0
456,2016-08-26 18:46:06.000 MDT,0,1,0,0,0,0,0,0,0,0,0,0,0,0,0,0
457,2016-08-26 19:01:58.000 MDT,0,1,0,0,0,0,0,0,0,0,0,0,0,0,0,0
458,2016-08-26 19:06:02.000 MDT,0,0,1,0,0,0,0,0,0,0,0,0,0,0,0,0
459,2016-08-26 19:07:49.000 MDT,0,0,0,1,0,0,0,0,0,0,0,0,0,0,0,0
460,2016-08-26 19:11:05.000 MDT,1,0,0,0,0,0,0,0,0,0,0,0,0,0,0,0
461,2016-08-26 19:15:45.000 MDT,0,1,0,0,0,0,0,0,0,0,0,0,0,0,0,0
462,2016-08-26 19:16:20.000 MDT,1,0,0,0,0,0,0,0,0,0,0,0,0,0,0,0
463,2016-08-26 19:16:33.000 MDT,0,1,0,0,0,0,0,0,0,0,0,0,0,0,0,0
464,2016-08-26 19:20:05.000 MDT,0,1,0,0,0,0,0,0,0,0,0,0,0,0,0,0
465,2016-08-26 19:21:07.000 MDT,0,1,0,0,0,0,0,0,0,0,0,0,0,0,0,0
466,2016-08-26 19:22:48.000 MDT,1,0,0,0,0,0,0,0,0,0,0,0,0,0,0,0
467,2016-08-26 19:30:58.000 MDT,0,1,0,0,0,0,0,0,0,0,0,0,0,0,0,0
468,2016-08-26 19:31:53.000 MDT,0,0,0,0,1,0,0,0,0,0,0,0,0,0,0,0
469,2016-08-26 19:32:02.000 MDT,0,1,0,0,0,0,0,0,0,0,0,0,0,0,0,0
470,2016-08-26 19:33:59.000 MDT,0,0,1,0,0,0,0,0,0,0,0,0,0,0,0,0
471,2016-08-26 19:34:51.000 MDT,0,0,0,0,0,0,1,0,0,0,0,0,0,0,0,0
472,2016-08-26 19:43:00.000 MDT,0,0,1,0,0,0,0,0,0,0,0,0,0,0,0,0
473,2016-08-26 19:50:20.000 MDT,0,1,0,0,0,0,0,0,0,0,0,0,0,0,0,0
474,2016-08-26 19:56:56.000 MDT,0,0,1,0,0,0,0,0,0,0,0,0,0,0,0,0
475,2016-08-26 19:58:35.000 MDT,0,1,0,0,0,0,0,0,0,0,0,0,0,0,0,0
476,2016-08-26 20:00:49.000 MDT,0,1,0,0,0,0,0,0,0,0,0,0,0,0,0,0
477,2016-08-26 20:06:41.000 MDT,0,1,0,0,0,0,0,0,0,0,0,0,0,0,0,0
478,2016-08-26 20:06:51.000 MDT,0,1,0,0,0,0,0,0,0,0,0,0,0,0,0,0
479,2016-08-26 20:09:12.000 MDT,1,0,0,0,0,0,0,0,0,0,0,0,0,0,0,0
480,2016-08-26 20:13:14.000 MDT,0,0,1,0,0,0,0,0,0,0,0,0,0,0,0,0
481,2016-08-26 20:21:49.000 MDT,0,1,0,0,0,0,0,0,0,0,0,0,0,0,0,0
482,2016-08-26 20:25:22.000 MDT,1,0,0,0,0,0,0,0,0,0,0,0,0,0,0,0
483,2016-08-26 20:27:18.000 MDT,0,1,0,0,0,0,0,0,0,0,0,0,0,0,0,0
484,2016-08-26 20:28:09.000 MDT,0,0,1,0,0,0,0,0,0,0,0,0,0,0,0,0
485,2016-08-26 20:31:52.000 MDT,0,1,0,0,0,0,0,0,0,0,0,0,0,0,0,0
486,2016-08-26 20:33:55.000 MDT,1,0,0,0,0,0,0,0,0,0,0,0,0,0,0,0
487,2016-08-26 20:34:01.000 MDT,0,1,0,0,0,0,0,0,0,0,0,0,0,0,0,0
488,2016-08-26 20:34:57.000 MDT,0,0,1,0,0,0,0,0,0,0,0,0,0,0,0,0
489,2016-08-26 20:40:46.000 MDT,1,0,0,0,0,0,0,0,0,0,0,0,0,0,0,0
490,2016-08-26 20:41:41.000 MDT,0,1,0,0,0,0,0,0,0,0,0,0,0,0,0,0
491,2016-08-26 20:43:35.000 MDT,0,0,0,1,0,0,0,0,0,0,0,0,0,0,0,0
492,2016-08-26 20:45:36.000 MDT,0,0,0,1,0,0,0,0,0,0,0,0,0,0,0,0
493,2016-08-26 20:45:58.000 MDT,1,0,0,0,0,0,0,0,0,0,0,0,0,0,0,0
494,2016-08-26 20:47:33.000 MDT,0,0,1,0,0,0,0,0,0,0,0,0,0,0,0,0
495,2016-08-26 20:47:49.000 MDT,0,0,1,0,0,0,0,0,0,0,0,0,0,0,0,0
496,2016-08-26 20:53:44.000 MDT,0,0,1,0,0,0,0,0,0,0,0,0,0,0,0,0
497,2016-08-26 20:56:14.000 MDT,1,0,0,0,0,0,0,0,0,0,0,0,0,0,0,0
498,2016-08-26 20:56:39.000 MDT,0,0,0,1,0,0,0,0,0,0,0,0,0,0,0,0
499,2016-08-26 20:57:17.000 MDT,0,0,1,0,0,0,0,0,0,0,0,0,0,0,0,0
500,2016-08-26 20:58:13.000 MDT,0,0,1,0,0,0,0,0,0,0,0,0,0,0,0,0
501,2016-08-26 20:59:02.000 MDT,0,0,0,0,0,1,0,0,0,0,0,0,0,0,0,0
502,2016-08-26 20:59:43.000 MDT,0,0,0,0,0,0,1,0,0,0,0,0,0,0,0,0
503,2016-08-26 21:00:30.000 MDT,0,0,0,0,0,1,0,0,0,0,0,0,0,0,0,0
504,2016-08-26 21:01:03.000 MDT,0,0,1,0,0,0,0,0,0,0,0,0,0,0,0,0
505,2016-08-26 21:04:31.000 MDT,0,0,1,0,0,0,0,0,0,0,0,0,0,0,0,0
506,2016-08-26 21:04:48.000 MDT,0,0,0,0,0,0,1,0,0,0,0,0,0,0,0,0
507,2016-08-26 21:04:48.000 MDT,1,0,0,0,0,0,0,0,0,0,0,0,0,0,0,0
508,2016-08-26 21:09:02.000 MDT,0,0,1,0,0,0,0,0,0,0,0,0,0,0,0,0
509,2016-08-26 21:10:21.000 MDT,0,1,0,0,0,0,0,0,0,0,0,0,0,0,0,0
510,2016-08-26 21:21:54.000 MDT,1,0,0,0,0,0,0,0,0,0,0,0,0,0,0,0
511,2016-08-26 21:27:30.000 MDT,0,1,0,0,0,0,0,0,0,0,0,0,0,0,0,0
512,2016-08-26 21:35:31.000 MDT,1,0,0,0,0,0,0,0,0,0,0,0,0,0,0,0
513,2016-08-26 21:36:59.000 MDT,0,0,1,0,0,0,0,0,0,0,0,0,0,0,0,0
514,2016-08-26 21:38:43.000 MDT,0,0,0,1,0,0,0,0,0,0,0,0,0,0,0,0
515,2016-08-26 21:39:48.000 MDT,0,0,1,0,0,0,0,0,0,0,0,0,0,0,0,0
516,2016-08-26 21:40:07.000 MDT,0,0,0,0,0,0,0,0,0,0,1,0,0,0,0,0
517,2016-08-26 21:41:37.000 MDT,0,1,0,0,0,0,0,0,0,0,0,0,0,0,0,0
518,2016-08-26 21:44:36.000 MDT,1,0,0,0,0,0,0,0,0,0,0,0,0,0,0,0
519,2016-08-26 21:48:42.000 MDT,0,1,0,0,0,0,0,0,0,0,0,0,0,0,0,0
520,2016-08-26 21:50:31.000 MDT,0,0,1,0,0,0,0,0,0,0,0,0,0,0,0,0
521,2016-08-26 21:56:50.000 MDT,1,0,0,0,0,0,0,0,0,0,0,0,0,0,0,0
522,2016-08-26 21:56:52.000 MDT,1,0,0,0,0,0,0,0,0,0,0,0,0,0,0,0
523,2016-08-26 22:02:30.000 MDT,0,0,1,0,0,0,0,0,0,0,0,0,0,0,0,0
524,2016-08-26 22:04:15.000 MDT,0,1,0,0,0,0,0,0,0,0,0,0,0,0,0,0
525,2016-08-26 22:05:56.000 MDT,0,1,0,0,0,0,0,0,0,0,0,0,0,0,0,0
526,2016-08-26 22:07:56.000 MDT,0,0,1,0,0,0,0,0,0,0,0,0,0,0,0,0
527,2016-08-26 22:17:30.000 MDT,1,0,0,0,0,0,0,0,0,0,0,0,0,0,0,0
528,2016-08-26 22:29:12.000 MDT,0,0,1,0,0,0,0,0,0,0,0,0,0,0,0,0
529,2016-08-26 22:29:18.000 MDT,0,1,0,0,0,0,0,0,0,0,0,0,0,0,0,0
530,2016-08-26 22:35:24.000 MDT,0,0,1,0,0,0,0,0,0,0,0,0,0,0,0,0
531,2016-08-26 22:37:54.000 MDT,1,0,0,0,0,0,0,0,0,0,0,0,0,0,0,0
532,2016-08-26 22:40:17.000 MDT,0,1,0,0,0,0,0,0,0,0,0,0,0,0,0,0
533,2016-08-26 22:45:54.000 MDT,1,0,0,0,0,0,0,0,0,0,0,0,0,0,0,0
534,2016-08-26 22:47:08.000 MDT,0,0,1,0,0,0,0,0,0,0,0,0,0,0,0,0
535,2016-08-26 22:47:44.000 MDT,0,1,0,0,0,0,0,0,0,0,0,0,0,0,0,0
536,2016-08-26 22:48:59.000 MDT,0,0,1,0,0,0,0,0,0,0,0,0,0,0,0,0
537,2016-08-26 22:53:59.000 MDT,0,1,0,0,0,0,0,0,0,0,0,0,0,0,0,0
538,2016-08-26 23:00:53.000 MDT,0,1,0,0,0,0,0,0,0,0,0,0,0,0,0,0
539,2016-08-26 23:05:44.000 MDT,0,0,0,1,0,0,0,0,0,0,0,0,0,0,0,0
540,2016-08-26 23:07:42.000 MDT,1,0,0,0,0,0,0,0,0,0,0,0,0,0,0,0
541,2016-08-26 23:08:33.000 MDT,0,1,0,0,0,0,0,0,0,0,0,0,0,0,0,0
542,2016-08-26 23:12:39.000 MDT,0,1,0,0,0,0,0,0,0,0,0,0,0,0,0,0
543,2016-08-26 23:13:24.000 MDT,0,0,1,0,0,0,0,0,0,0,0,0,0,0,0,0
544,2016-08-26 23:13:58.000 MDT,0,0,0,0,0,1,0,0,0,0,0,0,0,0,0,0
545,2016-08-26 23:17:07.000 MDT,0,0,0,0,0,1,0,0,0,0,0,0,0,0,0,0
546,2016-08-26 23:17:26.000 MDT,1,0,0,0,0,0,0,0,0,0,0,0,0,0,0,0
547,2016-08-26 23:21:23.000 MDT,1,0,0,0,0,0,0,0,0,0,0,0,0,0,0,0
548,2016-08-26 23:23:28.000 MDT,1,0,0,0,0,0,0,0,0,0,0,0,0,0,0,0
549,2016-08-26 23:25:53.000 MDT,0,0,1,0,0,0,0,0,0,0,0,0,0,0,0,0
550,2016-08-26 23:29:47.000 MDT,0,0,1,0,0,0,0,0,0,0,0,0,0,0,0,0
551,2016-08-26 23:31:27.000 MDT,0,0,0,0,1,0,0,0,0,0,0,0,0,0,0,0
552,2016-08-26 23:32:42.000 MDT,1,0,0,0,0,0,0,0,0,0,0,0,0,0,0,0
553,2016-08-26 23:35:48.000 MDT,0,1,0,0,0,0,0,0,0,0,0,0,0,0,0,0
554,2016-08-26 23:40:34.000 MDT,0,0,0,0,0,0,0,1,0,0,0,0,0,0,0,0
555,2016-08-26 23:41:48.000 MDT,1,0,0,0,0,0,0,0,0,0,0,0,0,0,0,0
556,2016-08-26 23:42:19.000 MDT,1,0,0,0,0,0,0,0,0,0,0,0,0,0,0,0
557,2016-08-26 23:48:40.000 MDT,0,1,0,0,0,0,0,0,0,0,0,0,0,0,0,0
558,2016-08-26 23:49:46.000 MDT,0,0,1,0,0,0,0,0,0,0,0,0,0,0,0,0
559,2016-08-26 23:51:09.000 MDT,0,1,0,0,0,0,0,0,0,0,0,0,0,0,0,0
560,2016-08-26 23:53:05.000 MDT,0,1,0,0,0,0,0,0,0,0,0,0,0,0,0,0
561,2016-08-26 23:56:46.000 MDT,0,1,0,0,0,0,0,0,0,0,0,0,0,0,0,0
562,2016-08-26 23:59:18.000 MDT,0,0,1,0,0,0,0,0,0,0,0,0,0,0,0,0
563,2016-08-27 00:05:59.000 MDT,0,0,1,0,0,0,0,0,0,0,0,0,0,0,0,0
564,2016-08-27 00:07:40.000 MDT,0,0,1,0,0,0,0,0,0,0,0,0,0,0,0,0
565,2016-08-27 00:08:44.000 MDT,0,1,0,0,0,0,0,0,0,0,0,0,0,0,0,0
566,2016-08-27 00:10:24.000 MDT,0,1,0,0,0,0,0,0,0,0,0,0,0,0,0,0
567,2016-08-27 00:10:33.000 MDT,0,0,0,1,0,0,0,0,0,0,0,0,0,0,0,0
568,2016-08-27 00:13:10.000 MDT,0,0,0,0,1,0,0,0,0,0,0,0,0,0,0,0
569,2016-08-27 00:20:13.000 MDT,0,0,1,0,0,0,0,0,0,0,0,0,0,0,0,0
570,2016-08-27 00:22:26.000 MDT,0,0,0,0,1,0,0,0,0,0,0,0,0,0,0,0
571,2016-08-27 00:25:59.000 MDT,0,0,1,0,0,0,0,0,0,0,0,0,0,0,0,0
572,2016-08-27 00:28:38.000 MDT,1,0,0,0,0,0,0,0,0,0,0,0,0,0,0,0
573,2016-08-27 00:39:40.000 MDT,0,1,0,0,0,0,0,0,0,0,0,0,0,0,0,0
574,2016-08-27 00:44:57.000 MDT,0,1,0,0,0,0,0,0,0,0,0,0,0,0,0,0
575,2016-08-27 00:46:26.000 MDT,0,1,0,0,0,0,0,0,0,0,0,0,0,0,0,0
576,2016-08-27 00:48:25.000 MDT,0,1,0,0,0,0,0,0,0,0,0,0,0,0,0,0
577,2016-08-27 00:59:21.000 MDT,0,1,0,0,0,0,0,0,0,0,0,0,0,0,0,0
578,2016-08-27 01:12:43.000 MDT,0,0,0,0,1,0,0,0,0,0,0,0,0,0,0,0
579,2016-08-27 01:32:58.000 MDT,0,0,1,0,0,0,0,0,0,0,0,0,0,0,0,0
580,2016-08-27 01:34:29.000 MDT,0,0,1,0,0,0,0,0,0,0,0,0,0,0,0,0
581,2016-08-27 01:36:06.000 MDT,0,1,0,0,0,0,0,0,0,0,0,0,0,0,0,0
582,2016-08-27 01:38:17.000 MDT,0,1,0,0,0,0,0,0,0,0,0,0,0,0,0,0
583,2016-08-27 01:44:59.000 MDT,0,1,0,0,0,0,0,0,0,0,0,0,0,0,0,0
584,2016-08-27 01:47:26.000 MDT,0,0,0,1,0,0,0,0,0,0,0,0,0,0,0,0
585,2016-08-27 01:48:38.000 MDT,0,0,0,0,0,0,1,0,0,0,0,0,0,0,0,0
586,2016-08-27 01:56:14.000 MDT,1,0,0,0,0,0,0,0,0,0,0,0,0,0,0,0
587,2016-08-27 01:57:27.000 MDT,0,1,0,0,0,0,0,0,0,0,0,0,0,0,0,0
588,2016-08-27 02:01:59.000 MDT,0,1,0,0,0,0,0,0,0,0,0,0,0,0,0,0
589,2016-08-27 02:05:12.000 MDT,0,0,1,0,0,0,0,0,0,0,0,0,0,0,0,0
590,2016-08-27 02:07:50.000 MDT,0,1,0,0,0,0,0,0,0,0,0,0,0,0,0,0
591,2016-08-27 02:11:17.000 MDT,0,1,0,0,0,0,0,0,0,0,0,0,0,0,0,0
592,2016-08-27 02:14:07.000 MDT,0,1,0,0,0,0,0,0,0,0,0,0,0,0,0,0
593,2016-08-27 02:20:46.000 MDT,0,0,1,0,0,0,0,0,0,0,0,0,0,0,0,0
594,2016-08-27 02:24:19.000 MDT,0,1,0,0,0,0,0,0,0,0,0,0,0,0,0,0
595,2016-08-27 02:28:00.000 MDT,0,0,0,0,0,1,0,0,0,0,0,0,0,0,0,0
596,2016-08-27 02:28:41.000 MDT,0,1,0,0,0,0,0,0,0,0,0,0,0,0,0,0
597,2016-08-27 02:29:53.000 MDT,0,1,0,0,0,0,0,0,0,0,0,0,0,0,0,0
598,2016-08-27 02:32:18.000 MDT,0,0,1,0,0,0,0,0,0,0,0,0,0,0,0,0
599,2016-08-27 02:32:33.000 MDT,0,0,1,0,0,0,0,0,0,0,0,0,0,0,0,0
600,2016-08-27 02:32:36.000 MDT,0,1,0,0,0,0,0,0,0,0,0,0,0,0,0,0
601,2016-08-27 02:33:26.000 MDT,0,0,0,1,0,0,0,0,0,0,0,0,0,0,0,0
602,2016-08-27 02:39:09.000 MDT,0,0,1,0,0,0,0,0,0,0,0,0,0,0,0,0
603,2016-08-27 02:39:48.000 MDT,0,0,0,0,0,1,0,0,0,0,0,0,0,0,0,0
604,2016-08-27 02:40:21.000 MDT,1,0,0,0,0,0,0,0,0,0,0,0,0,0,0,0
605,2016-08-27 02:44:00.000 MDT,1,0,0,0,0,0,0,0,0,0,0,0,0,0,0,0
606,2016-08-27 02:50:33.000 MDT,0,1,0,0,0,0,0,0,0,0,0,0,0,0,0,0
607,2016-08-27 02:52:59.000 MDT,0,1,0,0,0,0,0,0,0,0,0,0,0,0,0,0
608,2016-08-27 02:56:36.000 MDT,0,0,1,0,0,0,0,0,0,0,0,0,0,0,0,0
609,2016-08-27 02:57:48.000 MDT,0,0,0,0,1,0,0,0,0,0,0,0,0,0,0,0
610,2016-08-27 03:06:12.000 MDT,0,1,0,0,0,0,0,0,0,0,0,0,0,0,0,0
611,2016-08-27 03:09:02.000 MDT,0,0,0,1,0,0,0,0,0,0,0,0,0,0,0,0
612,2016-08-27 03:12:05.000 MDT,0,0,1,0,0,0,0,0,0,0,0,0,0,0,0,0
613,2016-08-27 03:14:58.000 MDT,0,0,1,0,0,0,0,0,0,0,0,0,0,0,0,0
614,2016-08-27 03:17:39.000 MDT,0,1,0,0,0,0,0,0,0,0,0,0,0,0,0,0
615,2016-08-27 03:18:20.000 MDT,0,1,0,0,0,0,0,0,0,0,0,0,0,0,0,0
616,2016-08-27 03:19:09.000 MDT,0,1,0,0,0,0,0,0,0,0,0,0,0,0,0,0
617,2016-08-27 03:23:03.000 MDT,1,0,0,0,0,0,0,0,0,0,0,0,0,0,0,0
618,2016-08-27 03:25:15.000 MDT,0,0,0,0,0,1,0,0,0,0,0,0,0,0,0,0
619,2016-08-27 03:26:56.000 MDT,0,0,0,1,0,0,0,0,0,0,0,0,0,0,0,0
620,2016-08-27 03:33:05.000 MDT,0,1,0,0,0,0,0,0,0,0,0,0,0,0,0,0
621,2016-08-27 03:34:14.000 MDT,0,1,0,0,0,0,0,0,0,0,0,0,0,0,0,0
622,2016-08-27 03:40:48.000 MDT,0,1,0,0,0,0,0,0,0,0,0,0,0,0,0,0
623,2016-08-27 03:40:54.000 MDT,1,0,0,0,0,0,0,0,0,0,0,0,0,0,0,0
624,2016-08-27 03:41:29.000 MDT,1,0,0,0,0,0,0,0,0,0,0,0,0,0,0,0
625,2016-08-27 03:54:11.000 MDT,0,0,1,0,0,0,0,0,0,0,0,0,0,0,0,0
626,2016-08-27 03:57:59.000 MDT,0,1,0,0,0,0,0,0,0,0,0,0,0,0,0,0
627,2016-08-27 03:59:05.000 MDT,0,0,1,0,0,0,0,0,0,0,0,0,0,0,0,0
628,2016-08-27 04:01:59.000 MDT,0,1,0,0,0,0,0,0,0,0,0,0,0,0,0,0
629,2016-08-27 04:02:10.000 MDT,1,0,0,0,0,0,0,0,0,0,0,0,0,0,0,0
630,2016-08-27 04:05:06.000 MDT,1,0,0,0,0,0,0,0,0,0,0,0,0,0,0,0
631,2016-08-27 04:06:30.000 MDT,0,1,0,0,0,0,0,0,0,0,0,0,0,0,0,0
632,2016-08-27 04:10:43.000 MDT,0,1,0,0,0,0,0,0,0,0,0,0,0,0,0,0
633,2016-08-27 04:11:50.000 MDT,0,0,0,1,0,0,0,0,0,0,0,0,0,0,0,0
634,2016-08-27 04:13:36.000 MDT,0,0,1,0,0,0,0,0,0,0,0,0,0,0,0,0
635,2016-08-27 04:14:44.000 MDT,0,0,1,0,0,0,0,0,0,0,0,0,0,0,0,0
636,2016-08-27 04:15:55.000 MDT,1,0,0,0,0,0,0,0,0,0,0,0,0,0,0,0
637,2016-08-27 04:20:15.000 MDT,1,0,0,0,0,0,0,0,0,0,0,0,0,0,0,0
638,2016-08-27 04:21:16.000 MDT,0,0,0,0,0,1,0,0,0,0,0,0,0,0,0,0
639,2016-08-27 04:24:16.000 MDT,1,0,0,0,0,0,0,0,0,0,0,0,0,0,0,0
640,2016-08-27 04:24:25.000 MDT,0,0,0,0,1,0,0,0,0,0,0,0,0,0,0,0
641,2016-08-27 04:25:51.000 MDT,0,1,0,0,0,0,0,0,0,0,0,0,0,0,0,0
642,2016-08-27 04:26:20.000 MDT,0,1,0,0,0,0,0,0,0,0,0,0,0,0,0,0
643,2016-08-27 04:32:47.000 MDT,0,0,1,0,0,0,0,0,0,0,0,0,0,0,0,0
644,2016-08-27 04:33:31.000 MDT,0,0,0,0,0,1,0,0,0,0,0,0,0,0,0,0
645,2016-08-27 04:34:47.000 MDT,1,0,0,0,0,0,0,0,0,0,0,0,0,0,0,0
646,2016-08-27 04:40:08.000 MDT,1,0,0,0,0,0,0,0,0,0,0,0,0,0,0,0
647,2016-08-27 04:51:29.000 MDT,1,0,0,0,0,0,0,0,0,0,0,0,0,0,0,0
648,2016-08-27 04:52:13.000 MDT,0,1,0,0,0,0,0,0,0,0,0,0,0,0,0,0
649,2016-08-27 04:53:37.000 MDT,0,0,1,0,0,0,0,0,0,0,0,0,0,0,0,0
650,2016-08-27 04:59:58.000 MDT,0,0,1,0,0,0,0,0,0,0,0,0,0,0,0,0
651,2016-08-27 05:01:08.000 MDT,0,0,1,0,0,0,0,0,0,0,0,0,0,0,0,0
652,2016-08-27 05:03:08.000 MDT,1,0,0,0,0,0,0,0,0,0,0,0,0,0,0,0
653,2016-08-27 05:16:53.000 MDT,0,0,0,0,0,1,0,0,0,0,0,0,0,0,0,0
654,2016-08-27 05:18:23.000 MDT,0,1,0,0,0,0,0,0,0,0,0,0,0,0,0,0
655,2016-08-27 05:19:39.000 MDT,1,0,0,0,0,0,0,0,0,0,0,0,0,0,0,0
656,2016-08-27 05:22:18.000 MDT,1,0,0,0,0,0,0,0,0,0,0,0,0,0,0,0
657,2016-08-27 05:22:25.000 MDT,0,0,0,1,0,0,0,0,0,0,0,0,0,0,0,0
658,2016-08-27 05:24:13.000 MDT,0,1,0,0,0,0,0,0,0,0,0,0,0,0,0,0
659,2016-08-27 05:24:32.000 MDT,0,0,1,0,0,0,0,0,0,0,0,0,0,0,0,0
660,2016-08-27 05:25:49.000 MDT,0,0,1,0,0,0,0,0,0,0,0,0,0,0,0,0
661,2016-08-27 05:27:25.000 MDT,0,0,1,0,0,0,0,0,0,0,0,0,0,0,0,0
662,2016-08-27 05:29:29.000 MDT,0,0,0,1,0,0,0,0,0,0,0,0,0,0,0,0
663,2016-08-27 05:29:31.000 MDT,0,0,0,0,0,1,0,0,0,0,0,0,0,0,0,0
664,2016-08-27 05:34:14.000 MDT,0,0,1,0,0,0,0,0,0,0,0,0,0,0,0,0
665,2016-08-27 05:36:46.000 MDT,0,1,0,0,0,0,0,0,0,0,0,0,0,0,0,0
666,2016-08-27 05:38:48.000 MDT,1,0,0,0,0,0,0,0,0,0,0,0,0,0,0,0
667,2016-08-27 05:41:03.000 MDT,0,1,0,0,0,0,0,0,0,0,0,0,0,0,0,0
668,2016-08-27 05:42:26.000 MDT,0,1,0,0,0,0,0,0,0,0,0,0,0,0,0,0
669,2016-08-27 05:48:52.000 MDT,0,0,0,1,0,0,0,0,0,0,0,0,0,0,0,0
670,2016-08-27 05:55:47.000 MDT,0,0,1,0,0,0,0,0,0,0,0,0,0,0,0,0
671,2016-08-27 05:56:42.000 MDT,0,1,0,0,0,0,0,0,0,0,0,0,0,0,0,0
672,2016-08-27 05:57:54.000 MDT,0,1,0,0,0,0,0,0,0,0,0,0,0,0,0,0
673,2016-08-27 06:20:16.000 MDT,0,0,1,0,0,0,0,0,0,0,0,0,0,0,0,0
674,2016-08-27 06:22:35.000 MDT,0,1,0,0,0,0,0,0,0,0,0,0,0,0,0,0
675,2016-08-27 06:23:40.000 MDT,1,0,0,0,0,0,0,0,0,0,0,0,0,0,0,0
676,2016-08-27 06:24:28.000 MDT,1,0,0,0,0,0,0,0,0,0,0,0,0,0,0,0
677,2016-08-27 06:25:29.000 MDT,0,1,0,0,0,0,0,0,0,0,0,0,0,0,0,0
678,2016-08-27 06:31:22.000 MDT,0,1,0,0,0,0,0,0,0,0,0,0,0,0,0,0
679,2016-08-27 06:31:22.000 MDT,0,0,1,0,0,0,0,0,0,0,0,0,0,0,0,0
680,2016-08-27 06:40:33.000 MDT,0,0,1,0,0,0,0,0,0,0,0,0,0,0,0,0
681,2016-08-27 06:42:01.000 MDT,1,0,0,0,0,0,0,0,0,0,0,0,0,0,0,0
682,2016-08-27 06:46:26.000 MDT,0,0,1,0,0,0,0,0,0,0,0,0,0,0,0,0
683,2016-08-27 06:49:27.000 MDT,1,0,0,0,0,0,0,0,0,0,0,0,0,0,0,0
684,2016-08-27 06:52:53.000 MDT,0,1,0,0,0,0,0,0,0,0,0,0,0,0,0,0
685,2016-08-27 06:53:26.000 MDT,0,1,0,0,0,0,0,0,0,0,0,0,0,0,0,0
686,2016-08-27 06:54:47.000 MDT,0,0,1,0,0,0,0,0,0,0,0,0,0,0,0,0
687,2016-08-27 06:55:58.000 MDT,0,0,1,0,0,0,0,0,0,0,0,0,0,0,0,0
688,2016-08-27 07:04:44.000 MDT,0,0,1,0,0,0,0,0,0,0,0,0,0,0,0,0
689,2016-08-27 07:07:01.000 MDT,1,0,0,0,0,0,0,0,0,0,0,0,0,0,0,0
690,2016-08-27 07:25:26.000 MDT,0,0,0,0,0,1,0,0,0,0,0,0,0,0,0,0
691,2016-08-27 07:27:16.000 MDT,0,0,1,0,0,0,0,0,0,0,0,0,0,0,0,0
692,2016-08-27 07:28:47.000 MDT,0,1,0,0,0,0,0,0,0,0,0,0,0,0,0,0
693,2016-08-27 07:31:11.000 MDT,0,1,0,0,0,0,0,0,0,0,0,0,0,0,0,0
694,2016-08-27 07:32:24.000 MDT,0,1,0,0,0,0,0,0,0,0,0,0,0,0,0,0
695,2016-08-27 07:34:09.000 MDT,0,0,1,0,0,0,0,0,0,0,0,0,0,0,0,0
696,2016-08-27 07:37:00.000 MDT,0,1,0,0,0,0,0,0,0,0,0,0,0,0,0,0
697,2016-08-27 07:40:38.000 MDT,0,0,1,0,0,0,0,0,0,0,0,0,0,0,0,0
698,2016-08-27 07:42:06.000 MDT,0,1,0,0,0,0,0,0,0,0,0,0,0,0,0,0
699,2016-08-27 07:43:26.000 MDT,0,0,0,0,1,0,0,0,0,0,0,0,0,0,0,0
700,2016-08-27 07:43:48.000 MDT,0,1,0,0,0,0,0,0,0,0,0,0,0,0,0,0
701,2016-08-27 07:45:26.000 MDT,0,0,1,0,0,0,0,0,0,0,0,0,0,0,0,0
702,2016-08-27 07:46:37.000 MDT,0,1,0,0,0,0,0,0,0,0,0,0,0,0,0,0
703,2016-08-27 07:47:33.000 MDT,0,0,0,0,1,0,0,0,0,0,0,0,0,0,0,0
704,2016-08-27 07:48:00.000 MDT,0,0,1,0,0,0,0,0,0,0,0,0,0,0,0,0
705,2016-08-27 07:48:09.000 MDT,0,0,0,0,1,0,0,0,0,0,0,0,0,0,0,0
706,2016-08-27 07:49:35.000 MDT,0,0,0,0,0,1,0,0,0,0,0,0,0,0,0,0
707,2016-08-27 07:49:59.000 MDT,0,1,0,0,0,0,0,0,0,0,0,0,0,0,0,0
708,2016-08-27 07:57:10.000 MDT,0,1,0,0,0,0,0,0,0,0,0,0,0,0,0,0
709,2016-08-27 08:02:27.000 MDT,0,1,0,0,0,0,0,0,0,0,0,0,0,0,0,0
710,2016-08-27 08:18:54.000 MDT,1,0,0,0,0,0,0,0,0,0,0,0,0,0,0,0
711,2016-08-27 08:19:05.000 MDT,0,0,1,0,0,0,0,0,0,0,0,0,0,0,0,0
712,2016-08-27 08:21:48.000 MDT,0,0,1,0,0,0,0,0,0,0,0,0,0,0,0,0
713,2016-08-27 08:22:31.000 MDT,1,0,0,0,0,0,0,0,0,0,0,0,0,0,0,0
714,2016-08-27 08:23:31.000 MDT,0,1,0,0,0,0,0,0,0,0,0,0,0,0,0,0
715,2016-08-27 08:23:37.000 MDT,1,0,0,0,0,0,0,0,0,0,0,0,0,0,0,0
716,2016-08-27 08:27:22.000 MDT,1,0,0,0,0,0,0,0,0,0,0,0,0,0,0,0
717,2016-08-27 08:27:31.000 MDT,0,0,1,0,0,0,0,0,0,0,0,0,0,0,0,0
718,2016-08-27 08:30:12.000 MDT,0,1,0,0,0,0,0,0,0,0,0,0,0,0,0,0
719,2016-08-27 08:31:05.000 MDT,0,0,1,0,0,0,0,0,0,0,0,0,0,0,0,0
720,2016-08-27 08:31:32.000 MDT,1,0,0,0,0,0,0,0,0,0,0,0,0,0,0,0
721,2016-08-27 08:33:11.000 MDT,0,1,0,0,0,0,0,0,0,0,0,0,0,0,0,0
722,2016-08-27 08:38:26.000 MDT,0,0,1,0,0,0,0,0,0,0,0,0,0,0,0,0
723,2016-08-27 08:38:57.000 MDT,0,0,0,0,0,0,1,0,0,0,0,0,0,0,0,0
724,2016-08-27 08:40:58.000 MDT,0,1,0,0,0,0,0,0,0,0,0,0,0,0,0,0
725,2016-08-27 08:46:00.000 MDT,0,0,1,0,0,0,0,0,0,0,0,0,0,0,0,0
726,2016-08-27 08:46:04.000 MDT,0,0,1,0,0,0,0,0,0,0,0,0,0,0,0,0
727,2016-08-27 08:48:46.000 MDT,0,1,0,0,0,0,0,0,0,0,0,0,0,0,0,0
728,2016-08-27 08:51:16.000 MDT,0,0,0,0,0,1,0,0,0,0,0,0,0,0,0,0
729,2016-08-27 08:55:12.000 MDT,0,1,0,0,0,0,0,0,0,0,0,0,0,0,0,0
730,2016-08-27 09:02:13.000 MDT,0,0,0,1,0,0,0,0,0,0,0,0,0,0,0,0
731,2016-08-27 09:07:48.000 MDT,0,0,1,0,0,0,0,0,0,0,0,0,0,0,0,0
732,2016-08-27 09:07:49.000 MDT,0,1,0,0,0,0,0,0,0,0,0,0,0,0,0,0
733,2016-08-27 09:08:43.000 MDT,0,0,1,0,0,0,0,0,0,0,0,0,0,0,0,0
734,2016-08-27 09:11:06.000 MDT,0,0,1,0,0,0,0,0,0,0,0,0,0,0,0,0
735,2016-08-27 09:17:17.000 MDT,0,1,0,0,0,0,0,0,0,0,0,0,0,0,0,0
736,2016-08-27 09:24:45.000 MDT,0,0,0,1,0,0,0,0,0,0,0,0,0,0,0,0
737,2016-08-27 09:25:08.000 MDT,0,1,0,0,0,0,0,0,0,0,0,0,0,0,0,0
738,2016-08-27 09:26:33.000 MDT,0,0,1,0,0,0,0,0,0,0,0,0,0,0,0,0
739,2016-08-27 09:30:20.000 MDT,0,0,1,0,0,0,0,0,0,0,0,0,0,0,0,0
740,2016-08-27 09:35:02.000 MDT,0,1,0,0,0,0,0,0,0,0,0,0,0,0,0,0
741,2016-08-27 09:35:11.000 MDT,0,0,1,0,0,0,0,0,0,0,0,0,0,0,0,0
742,2016-08-27 09:36:18.000 MDT,0,0,1,0,0,0,0,0,0,0,0,0,0,0,0,0
743,2016-08-27 09:36:51.000 MDT,0,1,0,0,0,0,0,0,0,0,0,0,0,0,0,0
744,2016-08-27 09:38:01.000 MDT,1,0,0,0,0,0,0,0,0,0,0,0,0,0,0,0
745,2016-08-27 09:42:14.000 MDT,0,0,1,0,0,0,0,0,0,0,0,0,0,0,0,0
746,2016-08-27 09:43:13.000 MDT,0,0,1,0,0,0,0,0,0,0,0,0,0,0,0,0
747,2016-08-27 09:56:40.000 MDT,0,0,0,0,1,0,0,0,0,0,0,0,0,0,0,0
748,2016-08-27 09:57:41.000 MDT,0,0,0,1,0,0,0,0,0,0,0,0,0,0,0,0
749,2016-08-27 09:58:55.000 MDT,0,0,1,0,0,0,0,0,0,0,0,0,0,0,0,0
750,2016-08-27 10:00:04.000 MDT,0,1,0,0,0,0,0,0,0,0,0,0,0,0,0,0
751,2016-08-27 10:02:21.000 MDT,0,0,0,0,1,0,0,0,0,0,0,0,0,0,0,0
752,2016-08-27 10:08:09.000 MDT,1,0,0,0,0,0,0,0,0,0,0,0,0,0,0,0
753,2016-08-27 10:12:42.000 MDT,0,0,1,0,0,0,0,0,0,0,0,0,0,0,0,0
754,2016-08-27 10:15:26.000 MDT,0,0,0,0,0,1,0,0,0,0,0,0,0,0,0,0
755,2016-08-27 10:16:04.000 MDT,0,0,0,0,0,0,1,0,0,0,0,0,0,0,0,0
756,2016-08-27 10:16:36.000 MDT,0,0,1,0,0,0,0,0,0,0,0,0,0,0,0,0
757,2016-08-27 10:21:17.000 MDT,0,0,1,0,0,0,0,0,0,0,0,0,0,0,0,0
758,2016-08-27 10:21:19.000 MDT,0,0,0,0,1,0,0,0,0,0,0,0,0,0,0,0
759,2016-08-27 10:24:27.000 MDT,0,0,0,1,0,0,0,0,0,0,0,0,0,0,0,0
760,2016-08-27 10:27:34.000 MDT,1,0,0,0,0,0,0,0,0,0,0,0,0,0,0,0
761,2016-08-27 10:28:56.000 MDT,0,0,1,0,0,0,0,0,0,0,0,0,0,0,0,0
762,2016-08-27 10:30:49.000 MDT,0,0,1,0,0,0,0,0,0,0,0,0,0,0,0,0
763,2016-08-27 10:33:35.000 MDT,0,1,0,0,0,0,0,0,0,0,0,0,0,0,0,0
764,2016-08-27 10:34:35.000 MDT,0,0,1,0,0,0,0,0,0,0,0,0,0,0,0,0
765,2016-08-27 10:35:24.000 MDT,0,1,0,0,0,0,0,0,0,0,0,0,0,0,0,0
766,2016-08-27 10:39:35.000 MDT,0,1,0,0,0,0,0,0,0,0,0,0,0,0,0,0
767,2016-08-27 10:43:56.000 MDT,0,1,0,0,0,0,0,0,0,0,0,0,0,0,0,0
768,2016-08-27 10:47:47.000 MDT,0,1,0,0,0,0,0,0,0,0,0,0,0,0,0,0
769,2016-08-27 10:47:54.000 MDT,0,0,0,0,0,0,1,0,0,0,0,0,0,0,0,0
770,2016-08-27 10:48:10.000 MDT,0,1,0,0,0,0,0,0,0,0,0,0,0,0,0,0
771,2016-08-27 10:53:56.000 MDT,1,0,0,0,0,0,0,0,0,0,0,0,0,0,0,0
772,2016-08-27 10:56:33.000 MDT,0,0,1,0,0,0,0,0,0,0,0,0,0,0,0,0
773,2016-08-27 11:01:35.000 MDT,0,0,0,1,0,0,0,0,0,0,0,0,0,0,0,0
774,2016-08-27 11:02:14.000 MDT,0,0,0,0,0,1,0,0,0,0,0,0,0,0,0,0
775,2016-08-27 11:14:32.000 MDT,0,1,0,0,0,0,0,0,0,0,0,0,0,0,0,0
776,2016-08-27 11:15:17.000 MDT,0,1,0,0,0,0,0,0,0,0,0,0,0,0,0,0
777,2016-08-27 11:16:07.000 MDT,0,1,0,0,0,0,0,0,0,0,0,0,0,0,0,0
778,2016-08-27 11:18:32.000 MDT,0,0,1,0,0,0,0,0,0,0,0,0,0,0,0,0
779,2016-08-27 11:21:31.000 MDT,0,1,0,0,0,0,0,0,0,0,0,0,0,0,0,0
780,2016-08-27 11:21:39.000 MDT,0,0,1,0,0,0,0,0,0,0,0,0,0,0,0,0
781,2016-08-27 11:22:38.000 MDT,0,0,1,0,0,0,0,0,0,0,0,0,0,0,0,0
782,2016-08-27 11:28:50.000 MDT,0,1,0,0,0,0,0,0,0,0,0,0,0,0,0,0
783,2016-08-27 11:30:36.000 MDT,0,1,0,0,0,0,0,0,0,0,0,0,0,0,0,0
784,2016-08-27 11:42:59.000 MDT,0,0,1,0,0,0,0,0,0,0,0,0,0,0,0,0
785,2016-08-27 11:45:55.000 MDT,1,0,0,0,0,0,0,0,0,0,0,0,0,0,0,0
786,2016-08-27 11:46:21.000 MDT,0,0,1,0,0,0,0,0,0,0,0,0,0,0,0,0
787,2016-08-27 11:48:29.000 MDT,0,0,1,0,0,0,0,0,0,0,0,0,0,0,0,0
788,2016-08-27 11:49:05.000 MDT,0,0,1,0,0,0,0,0,0,0,0,0,0,0,0,0
789,2016-08-27 11:49:12.000 MDT,0,0,0,0,0,1,0,0,0,0,0,0,0,0,0,0
790,2016-08-27 11:49:16.000 MDT,0,0,1,0,0,0,0,0,0,0,0,0,0,0,0,0
791,2016-08-27 11:50:01.000 MDT,0,1,0,0,0,0,0,0,0,0,0,0,0,0,0,0
792,2016-08-27 11:55:44.000 MDT,0,1,0,0,0,0,0,0,0,0,0,0,0,0,0,0
793,2016-08-27 11:57:05.000 MDT,1,0,0,0,0,0,0,0,0,0,0,0,0,0,0,0
794,2016-08-27 11:59:46.000 MDT,0,0,0,0,0,0,1,0,0,0,0,0,0,0,0,0
795,2016-08-27 12:04:30.000 MDT,0,1,0,0,0,0,0,0,0,0,0,0,0,0,0,0
796,2016-08-27 12:06:01.000 MDT,0,1,0,0,0,0,0,0,0,0,0,0,0,0,0,0
797,2016-08-27 12:06:50.000 MDT,0,0,1,0,0,0,0,0,0,0,0,0,0,0,0,0
798,2016-08-27 12:07:14.000 MDT,0,0,1,0,0,0,0,0,0,0,0,0,0,0,0,0
799,2016-08-27 12:08:18.000 MDT,0,0,0,1,0,0,0,0,0,0,0,0,0,0,0,0
800,2016-08-27 12:16:41.000 MDT,0,1,0,0,0,0,0,0,0,0,0,0,0,0,0,0
801,2016-08-27 12:20:12.000 MDT,1,0,0,0,0,0,0,0,0,0,0,0,0,0,0,0
802,2016-08-27 12:21:20.000 MDT,0,0,0,1,0,0,0,0,0,0,0,0,0,0,0,0
803,2016-08-27 12:21:32.000 MDT,0,0,1,0,0,0,0,0,0,0,0,0,0,0,0,0
804,2016-08-27 12:28:06.000 MDT,0,1,0,0,0,0,0,0,0,0,0,0,0,0,0,0
805,2016-08-27 12:35:42.000 MDT,0,1,0,0,0,0,0,0,0,0,0,0,0,0,0,0
806,2016-08-27 12:35:44.000 MDT,0,1,0,0,0,0,0,0,0,0,0,0,0,0,0,0
807,2016-08-27 12:39:03.000 MDT,0,0,0,0,0,0,1,0,0,0,0,0,0,0,0,0
808,2016-08-27 12:45:31.000 MDT,0,0,1,0,0,0,0,0,0,0,0,0,0,0,0,0
809,2016-08-27 12:46:30.000 MDT,0,1,0,0,0,0,0,0,0,0,0,0,0,0,0,0
810,2016-08-27 12:51:37.000 MDT,0,1,0,0,0,0,0,0,0,0,0,0,0,0,0,0
811,2016-08-27 12:56:31.000 MDT,0,1,0,0,0,0,0,0,0,0,0,0,0,0,0,0
812,2016-08-27 13:03:48.000 MDT,0,0,1,0,0,0,0,0,0,0,0,0,0,0,0,0
813,2016-08-27 13:05:37.000 MDT,0,0,0,0,1,0,0,0,0,0,0,0,0,0,0,0
814,2016-08-27 13:07:28.000 MDT,0,0,0,0,0,0,1,0,0,0,0,0,0,0,0,0
815,2016-08-27 13:09:36.000 MDT,0,1,0,0,0,0,0,0,0,0,0,0,0,0,0,0
816,2016-08-27 13:12:04.000 MDT,0,0,0,0,1,0,0,0,0,0,0,0,0,0,0,0
817,2016-08-27 13:16:48.000 MDT,0,1,0,0,0,0,0,0,0,0,0,0,0,0,0,0
818,2016-08-27 13:16:50.000 MDT,0,0,1,0,0,0,0,0,0,0,0,0,0,0,0,0
819,2016-08-27 13:18:45.000 MDT,0,1,0,0,0,0,0,0,0,0,0,0,0,0,0,0
820,2016-08-27 13:19:56.000 MDT,0,0,0,0,1,0,0,0,0,0,0,0,0,0,0,0
821,2016-08-27 13:20:29.000 MDT,0,1,0,0,0,0,0,0,0,0,0,0,0,0,0,0
822,2016-08-27 13:21:37.000 MDT,0,0,0,0,1,0,0,0,0,0,0,0,0,0,0,0
823,2016-08-27 13:22:36.000 MDT,0,1,0,0,0,0,0,0,0,0,0,0,0,0,0,0
824,2016-08-27 13:33:56.000 MDT,0,0,0,1,0,0,0,0,0,0,0,0,0,0,0,0
825,2016-08-27 13:34:47.000 MDT,0,0,0,0,0,1,0,0,0,0,0,0,0,0,0,0
826,2016-08-27 13:35:48.000 MDT,0,0,1,0,0,0,0,0,0,0,0,0,0,0,0,0
827,2016-08-27 13:35:54.000 MDT,0,0,1,0,0,0,0,0,0,0,0,0,0,0,0,0
828,2016-08-27 13:38:32.000 MDT,0,0,1,0,0,0,0,0,0,0,0,0,0,0,0,0
829,2016-08-27 13:38:33.000 MDT,0,0,0,0,0,0,1,0,0,0,0,0,0,0,0,0
830,2016-08-27 13:39:35.000 MDT,0,1,0,0,0,0,0,0,0,0,0,0,0,0,0,0
831,2016-08-27 13:39:45.000 MDT,1,0,0,0,0,0,0,0,0,0,0,0,0,0,0,0
832,2016-08-27 13:40:08.000 MDT,0,0,0,1,0,0,0,0,0,0,0,0,0,0,0,0
833,2016-08-27 13:40:45.000 MDT,0,1,0,0,0,0,0,0,0,0,0,0,0,0,0,0
834,2016-08-27 13:42:51.000 MDT,0,1,0,0,0,0,0,0,0,0,0,0,0,0,0,0
835,2016-08-27 13:44:08.000 MDT,0,1,0,0,0,0,0,0,0,0,0,0,0,0,0,0
836,2016-08-27 13:46:16.000 MDT,0,0,1,0,0,0,0,0,0,0,0,0,0,0,0,0
837,2016-08-27 13:50:59.000 MDT,0,1,0,0,0,0,0,0,0,0,0,0,0,0,0,0
838,2016-08-27 13:52:48.000 MDT,0,0,1,0,0,0,0,0,0,0,0,0,0,0,0,0
839,2016-08-27 13:53:54.000 MDT,0,1,0,0,0,0,0,0,0,0,0,0,0,0,0,0
840,2016-08-27 13:53:56.000 MDT,0,1,0,0,0,0,0,0,0,0,0,0,0,0,0,0
841,2016-08-27 13:55:22.000 MDT,1,0,0,0,0,0,0,0,0,0,0,0,0,0,0,0
842,2016-08-27 13:57:57.000 MDT,0,0,1,0,0,0,0,0,0,0,0,0,0,0,0,0
843,2016-08-27 13:58:24.000 MDT,0,0,1,0,0,0,0,0,0,0,0,0,0,0,0,0
844,2016-08-27 13:59:20.000 MDT,0,1,0,0,0,0,0,0,0,0,0,0,0,0,0,0
845,2016-08-27 14:02:49.000 MDT,0,0,0,0,0,1,0,0,0,0,0,0,0,0,0,0
846,2016-08-27 14:02:53.000 MDT,0,0,1,0,0,0,0,0,0,0,0,0,0,0,0,0
847,2016-08-27 14:04:19.000 MDT,0,1,0,0,0,0,0,0,0,0,0,0,0,0,0,0
848,2016-08-27 14:05:20.000 MDT,1,0,0,0,0,0,0,0,0,0,0,0,0,0,0,0
849,2016-08-27 14:07:21.000 MDT,1,0,0,0,0,0,0,0,0,0,0,0,0,0,0,0
850,2016-08-27 14:09:23.000 MDT,0,0,1,0,0,0,0,0,0,0,0,0,0,0,0,0
851,2016-08-27 14:19:36.000 MDT,0,0,0,0,0,0,1,0,0,0,0,0,0,0,0,0
852,2016-08-27 14:19:53.000 MDT,0,1,0,0,0,0,0,0,0,0,0,0,0,0,0,0
853,2016-08-27 14:22:05.000 MDT,0,0,1,0,0,0,0,0,0,0,0,0,0,0,0,0
854,2016-08-27 14:28:00.000 MDT,0,0,1,0,0,0,0,0,0,0,0,0,0,0,0,0
855,2016-08-27 14:28:02.000 MDT,0,1,0,0,0,0,0,0,0,0,0,0,0,0,0,0
856,2016-08-27 14:28:05.000 MDT,0,1,0,0,0,0,0,0,0,0,0,0,0,0,0,0
857,2016-08-27 14:36:55.000 MDT,0,0,1,0,0,0,0,0,0,0,0,0,0,0,0,0
858,2016-08-27 14:37:55.000 MDT,0,0,0,1,0,0,0,0,0,0,0,0,0,0,0,0
859,2016-08-27 14:42:19.000 MDT,0,0,1,0,0,0,0,0,0,0,0,0,0,0,0,0
860,2016-08-27 14:56:44.000 MDT,0,1,0,0,0,0,0,0,0,0,0,0,0,0,0,0
861,2016-08-27 14:57:14.000 MDT,0,0,1,0,0,0,0,0,0,0,0,0,0,0,0,0
862,2016-08-27 14:59:01.000 MDT,1,0,0,0,0,0,0,0,0,0,0,0,0,0,0,0
863,2016-08-27 15:09:44.000 MDT,0,1,0,0,0,0,0,0,0,0,0,0,0,0,0,0
864,2016-08-27 15:11:46.000 MDT,1,0,0,0,0,0,0,0,0,0,0,0,0,0,0,0
865,2016-08-27 15:14:57.000 MDT,0,1,0,0,0,0,0,0,0,0,0,0,0,0,0,0
866,2016-08-27 15:15:31.000 MDT,1,0,0,0,0,0,0,0,0,0,0,0,0,0,0,0
867,2016-08-27 15:21:05.000 MDT,0,1,0,0,0,0,0,0,0,0,0,0,0,0,0,0
868,2016-08-27 15:25:20.000 MDT,0,1,0,0,0,0,0,0,0,0,0,0,0,0,0,0
869,2016-08-27 15:29:17.000 MDT,0,0,1,0,0,0,0,0,0,0,0,0,0,0,0,0
870,2016-08-27 15:34:12.000 MDT,0,1,0,0,0,0,0,0,0,0,0,0,0,0,0,0
871,2016-08-27 15:38:17.000 MDT,1,0,0,0,0,0,0,0,0,0,0,0,0,0,0,0
872,2016-08-27 15:39:34.000 MDT,1,0,0,0,0,0,0,0,0,0,0,0,0,0,0,0
873,2016-08-27 15:43:34.000 MDT,0,0,1,0,0,0,0,0,0,0,0,0,0,0,0,0
874,2016-08-27 15:45:55.000 MDT,0,0,0,0,0,0,1,0,0,0,0,0,0,0,0,0
875,2016-08-27 15:52:15.000 MDT,0,0,1,0,0,0,0,0,0,0,0,0,0,0,0,0
876,2016-08-27 15:56:12.000 MDT,0,1,0,0,0,0,0,0,0,0,0,0,0,0,0,0
877,2016-08-27 15:58:05.000 MDT,0,1,0,0,0,0,0,0,0,0,0,0,0,0,0,0
878,2016-08-27 15:58:16.000 MDT,0,0,0,0,1,0,0,0,0,0,0,0,0,0,0,0
879,2016-08-27 16:22:45.000 MDT,1,0,0,0,0,0,0,0,0,0,0,0,0,0,0,0
880,2016-08-27 16:22:49.000 MDT,0,1,0,0,0,0,0,0,0,0,0,0,0,0,0,0
881,2016-08-27 16:25:06.000 MDT,0,0,0,0,0,1,0,0,0,0,0,0,0,0,0,0
882,2016-08-27 16:26:09.000 MDT,0,0,0,1,0,0,0,0,0,0,0,0,0,0,0,0
883,2016-08-27 16:28:11.000 MDT,0,0,1,0,0,0,0,0,0,0,0,0,0,0,0,0
884,2016-08-27 16:31:40.000 MDT,0,1,0,0,0,0,0,0,0,0,0,0,0,0,0,0
885,2016-08-27 16:32:01.000 MDT,0,0,0,0,0,1,0,0,0,0,0,0,0,0,0,0
886,2016-08-27 16:34:02.000 MDT,0,0,0,0,1,0,0,0,0,0,0,0,0,0,0,0
887,2016-08-27 16:41:38.000 MDT,1,0,0,0,0,0,0,0,0,0,0,0,0,0,0,0
888,2016-08-27 16:43:18.000 MDT,1,0,0,0,0,0,0,0,0,0,0,0,0,0,0,0
889,2016-08-27 16:53:48.000 MDT,0,1,0,0,0,0,0,0,0,0,0,0,0,0,0,0
890,2016-08-27 16:54:00.000 MDT,0,1,0,0,0,0,0,0,0,0,0,0,0,0,0,0
891,2016-08-27 16:54:29.000 MDT,0,1,0,0,0,0,0,0,0,0,0,0,0,0,0,0
892,2016-08-27 17:00:48.000 MDT,0,1,0,0,0,0,0,0,0,0,0,0,0,0,0,0
893,2016-08-27 17:07:10.000 MDT,0,1,0,0,0,0,0,0,0,0,0,0,0,0,0,0
894,2016-08-27 17:11:45.000 MDT,0,0,1,0,0,0,0,0,0,0,0,0,0,0,0,0
895,2016-08-27 17:16:47.000 MDT,0,0,1,0,0,0,0,0,0,0,0,0,0,0,0,0
896,2016-08-27 17:16:59.000 MDT,0,1,0,0,0,0,0,0,0,0,0,0,0,0,0,0
897,2016-08-27 17:27:11.000 MDT,1,0,0,0,0,0,0,0,0,0,0,0,0,0,0,0
898,2016-08-27 17:28:33.000 MDT,0,0,0,0,0,1,0,0,0,0,0,0,0,0,0,0
899,2016-08-27 17:32:30.000 MDT,0,0,0,0,1,0,0,0,0,0,0,0,0,0,0,0
900,2016-08-27 17:36:54.000 MDT,1,0,0,0,0,0,0,0,0,0,0,0,0,0,0,0
901,2016-08-27 17:38:33.000 MDT,0,0,1,0,0,0,0,0,0,0,0,0,0,0,0,0
902,2016-08-27 17:45:00.000 MDT,0,1,0,0,0,0,0,0,0,0,0,0,0,0,0,0
903,2016-08-27 17:48:47.000 MDT,1,0,0,0,0,0,0,0,0,0,0,0,0,0,0,0
904,2016-08-27 17:50:40.000 MDT,0,0,1,0,0,0,0,0,0,0,0,0,0,0,0,0
905,2016-08-27 17:54:05.000 MDT,0,1,0,0,0,0,0,0,0,0,0,0,0,0,0,0
906,2016-08-27 18:06:03.000 MDT,1,0,0,0,0,0,0,0,0,0,0,0,0,0,0,0
907,2016-08-27 18:06:52.000 MDT,0,1,0,0,0,0,0,0,0,0,0,0,0,0,0,0
908,2016-08-27 18:07:39.000 MDT,0,0,1,0,0,0,0,0,0,0,0,0,0,0,0,0
909,2016-08-27 18:11:54.000 MDT,0,1,0,0,0,0,0,0,0,0,0,0,0,0,0,0
910,2016-08-27 18:14:05.000 MDT,0,0,0,0,1,0,0,0,0,0,0,0,0,0,0,0
911,2016-08-27 18:17:05.000 MDT,0,0,1,0,0,0,0,0,0,0,0,0,0,0,0,0
912,2016-08-27 18:19:17.000 MDT,0,0,0,0,0,0,1,0,0,0,0,0,0,0,0,0
913,2016-08-27 18:26:06.000 MDT,0,0,0,0,1,0,0,0,0,0,0,0,0,0,0,0
914,2016-08-27 18:27:36.000 MDT,0,0,1,0,0,0,0,0,0,0,0,0,0,0,0,0
915,2016-08-27 18:30:31.000 MDT,1,0,0,0,0,0,0,0,0,0,0,0,0,0,0,0
916,2016-08-27 18:32:36.000 MDT,0,1,0,0,0,0,0,0,0,0,0,0,0,0,0,0
917,2016-08-27 18:36:50.000 MDT,0,0,1,0,0,0,0,0,0,0,0,0,0,0,0,0
918,2016-08-27 18:40:56.000 MDT,1,0,0,0,0,0,0,0,0,0,0,0,0,0,0,0
919,2016-08-27 18:46:04.000 MDT,0,0,1,0,0,0,0,0,0,0,0,0,0,0,0,0
920,2016-08-27 18:49:00.000 MDT,0,1,0,0,0,0,0,0,0,0,0,0,0,0,0,0
921,2016-08-27 19:00:14.000 MDT,0,0,0,0,0,1,0,0,0,0,0,0,0,0,0,0
922,2016-08-27 19:00:45.000 MDT,0,0,0,1,0,0,0,0,0,0,0,0,0,0,0,0
923,2016-08-27 19:02:27.000 MDT,0,1,0,0,0,0,0,0,0,0,0,0,0,0,0,0
924,2016-08-27 19:03:11.000 MDT,1,0,0,0,0,0,0,0,0,0,0,0,0,0,0,0
925,2016-08-27 19:06:49.000 MDT,0,0,1,0,0,0,0,0,0,0,0,0,0,0,0,0
926,2016-08-27 19:09:48.000 MDT,0,0,1,0,0,0,0,0,0,0,0,0,0,0,0,0
927,2016-08-27 19:10:45.000 MDT,0,1,0,0,0,0,0,0,0,0,0,0,0,0,0,0
928,2016-08-27 19:14:37.000 MDT,0,0,0,1,0,0,0,0,0,0,0,0,0,0,0,0
929,2016-08-27 19:20:30.000 MDT,0,0,1,0,0,0,0,0,0,0,0,0,0,0,0,0
930,2016-08-27 19:30:39.000 MDT,0,1,0,0,0,0,0,0,0,0,0,0,0,0,0,0
931,2016-08-27 19:31:58.000 MDT,0,0,0,0,0,0,0,1,0,0,0,0,0,0,0,0
932,2016-08-27 19:32:41.000 MDT,0,0,0,1,0,0,0,0,0,0,0,0,0,0,0,0
933,2016-08-27 19:35:36.000 MDT,0,0,1,0,0,0,0,0,0,0,0,0,0,0,0,0
934,2016-08-27 19:41:09.000 MDT,0,0,0,0,1,0,0,0,0,0,0,0,0,0,0,0
935,2016-08-27 19:48:01.000 MDT,0,0,1,0,0,0,0,0,0,0,0,0,0,0,0,0
936,2016-08-27 19:51:47.000 MDT,0,1,0,0,0,0,0,0,0,0,0,0,0,0,0,0
937,2016-08-27 19:55:55.000 MDT,0,0,0,0,1,0,0,0,0,0,0,0,0,0,0,0
938,2016-08-27 19:56:11.000 MDT,0,0,1,0,0,0,0,0,0,0,0,0,0,0,0,0
939,2016-08-27 19:58:38.000 MDT,1,0,0,0,0,0,0,0,0,0,0,0,0,0,0,0
940,2016-08-27 20:00:56.000 MDT,1,0,0,0,0,0,0,0,0,0,0,0,0,0,0,0
941,2016-08-27 20:01:35.000 MDT,0,1,0,0,0,0,0,0,0,0,0,0,0,0,0,0
942,2016-08-27 20:02:55.000 MDT,1,0,0,0,0,0,0,0,0,0,0,0,0,0,0,0
943,2016-08-27 20:17:17.000 MDT,0,1,0,0,0,0,0,0,0,0,0,0,0,0,0,0
944,2016-08-27 20:20:13.000 MDT,1,0,0,0,0,0,0,0,0,0,0,0,0,0,0,0
945,2016-08-27 20:23:07.000 MDT,0,0,1,0,0,0,0,0,0,0,0,0,0,0,0,0
946,2016-08-27 20:23:21.000 MDT,0,1,0,0,0,0,0,0,0,0,0,0,0,0,0,0
947,2016-08-27 20:23:36.000 MDT,0,0,1,0,0,0,0,0,0,0,0,0,0,0,0,0
948,2016-08-27 20:27:37.000 MDT,0,1,0,0,0,0,0,0,0,0,0,0,0,0,0,0
949,2016-08-27 20:28:45.000 MDT,1,0,0,0,0,0,0,0,0,0,0,0,0,0,0,0
950,2016-08-27 20:32:48.000 MDT,0,0,1,0,0,0,0,0,0,0,0,0,0,0,0,0
951,2016-08-27 20:33:35.000 MDT,0,1,0,0,0,0,0,0,0,0,0,0,0,0,0,0
952,2016-08-27 20:35:12.000 MDT,0,0,1,0,0,0,0,0,0,0,0,0,0,0,0,0
953,2016-08-27 20:37:31.000 MDT,0,0,0,0,0,1,0,0,0,0,0,0,0,0,0,0
954,2016-08-27 20:39:49.000 MDT,0,0,0,0,0,1,0,0,0,0,0,0,0,0,0,0
955,2016-08-27 21:01:30.000 MDT,0,0,0,0,0,0,0,0,0,1,0,0,0,0,0,0
956,2016-08-27 21:01:34.000 MDT,0,1,0,0,0,0,0,0,0,0,0,0,0,0,0,0
957,2016-08-27 21:05:26.000 MDT,0,0,0,1,0,0,0,0,0,0,0,0,0,0,0,0
958,2016-08-27 21:13:49.000 MDT,0,1,0,0,0,0,0,0,0,0,0,0,0,0,0,0
959,2016-08-27 21:13:55.000 MDT,0,1,0,0,0,0,0,0,0,0,0,0,0,0,0,0
960,2016-08-27 21:17:01.000 MDT,0,0,1,0,0,0,0,0,0,0,0,0,0,0,0,0
961,2016-08-27 21:19:06.000 MDT,1,0,0,0,0,0,0,0,0,0,0,0,0,0,0,0
962,2016-08-27 21:24:35.000 MDT,0,0,1,0,0,0,0,0,0,0,0,0,0,0,0,0
963,2016-08-27 21:27:42.000 MDT,1,0,0,0,0,0,0,0,0,0,0,0,0,0,0,0
964,2016-08-27 21:28:45.000 MDT,1,0,0,0,0,0,0,0,0,0,0,0,0,0,0,0
965,2016-08-27 21:31:00.000 MDT,0,1,0,0,0,0,0,0,0,0,0,0,0,0,0,0
966,2016-08-27 21:31:50.000 MDT,0,0,0,0,0,1,0,0,0,0,0,0,0,0,0,0
967,2016-08-27 21:32:34.000 MDT,0,1,0,0,0,0,0,0,0,0,0,0,0,0,0,0
968,2016-08-27 21:33:53.000 MDT,0,0,0,1,0,0,0,0,0,0,0,0,0,0,0,0
969,2016-08-27 21:35:10.000 MDT,0,0,0,0,1,0,0,0,0,0,0,0,0,0,0,0
970,2016-08-27 21:36:28.000 MDT,0,0,0,0,0,0,1,0,0,0,0,0,0,0,0,0
971,2016-08-27 21:37:35.000 MDT,1,0,0,0,0,0,0,0,0,0,0,0,0,0,0,0
972,2016-08-27 21:39:41.000 MDT,0,0,1,0,0,0,0,0,0,0,0,0,0,0,0,0
973,2016-08-27 21:41:49.000 MDT,0,0,1,0,0,0,0,0,0,0,0,0,0,0,0,0
974,2016-08-27 21:50:33.000 MDT,0,0,0,0,0,1,0,0,0,0,0,0,0,0,0,0
975,2016-08-27 21:50:55.000 MDT,0,1,0,0,0,0,0,0,0,0,0,0,0,0,0,0
976,2016-08-27 21:52:48.000 MDT,0,1,0,0,0,0,0,0,0,0,0,0,0,0,0,0
977,2016-08-27 21:54:29.000 MDT,1,0,0,0,0,0,0,0,0,0,0,0,0,0,0,0
978,2016-08-27 21:58:06.000 MDT,0,0,0,1,0,0,0,0,0,0,0,0,0,0,0,0
979,2016-08-27 22:02:33.000 MDT,0,0,1,0,0,0,0,0,0,0,0,0,0,0,0,0
980,2016-08-27 22:04:34.000 MDT,0,1,0,0,0,0,0,0,0,0,0,0,0,0,0,0
981,2016-08-27 22:06:19.000 MDT,1,0,0,0,0,0,0,0,0,0,0,0,0,0,0,0
982,2016-08-27 22:07:15.000 MDT,0,0,1,0,0,0,0,0,0,0,0,0,0,0,0,0
983,2016-08-27 22:09:56.000 MDT,0,1,0,0,0,0,0,0,0,0,0,0,0,0,0,0
984,2016-08-27 22:13:36.000 MDT,1,0,0,0,0,0,0,0,0,0,0,0,0,0,0,0
985,2016-08-27 22:20:06.000 MDT,0,1,0,0,0,0,0,0,0,0,0,0,0,0,0,0
986,2016-08-27 22:22:02.000 MDT,0,0,1,0,0,0,0,0,0,0,0,0,0,0,0,0
987,2016-08-27 22:23:59.000 MDT,0,0,1,0,0,0,0,0,0,0,0,0,0,0,0,0
988,2016-08-27 22:31:28.000 MDT,0,0,1,0,0,0,0,0,0,0,0,0,0,0,0,0
989,2016-08-27 22:33:27.000 MDT,0,0,0,1,0,0,0,0,0,0,0,0,0,0,0,0
990,2016-08-27 22:35:43.000 MDT,0,1,0,0,0,0,0,0,0,0,0,0,0,0,0,0
991,2016-08-27 22:37:28.000 MDT,0,0,1,0,0,0,0,0,0,0,0,0,0,0,0,0
992,2016-08-27 22:41:43.000 MDT,0,0,0,0,1,0,0,0,0,0,0,0,0,0,0,0
993,2016-08-27 22:45:55.000 MDT,0,0,1,0,0,0,0,0,0,0,0,0,0,0,0,0
994,2016-08-27 22:47:00.000 MDT,0,1,0,0,0,0,0,0,0,0,0,0,0,0,0,0
995,2016-08-27 22:48:40.000 MDT,0,1,0,0,0,0,0,0,0,0,0,0,0,0,0,0
996,2016-08-27 22:50:26.000 MDT,0,1,0,0,0,0,0,0,0,0,0,0,0,0,0,0
997,2016-08-27 22:51:08.000 MDT,0,0,1,0,0,0,0,0,0,0,0,0,0,0,0,0
998,2016-08-27 22:55:04.000 MDT,0,1,0,0,0,0,0,0,0,0,0,0,0,0,0,0
999,2016-08-27 22:55:43.000 MDT,0,0,0,0,0,0,1,0,0,0,0,0,0,0,0,0
1000,2016-08-27 23:10:15.000 MDT,0,1,0,0,0,0,0,0,0,0,0,0,0,0,0,0
1001,2016-08-27 23:11:23.000 MDT,0,0,1,0,0,0,0,0,0,0,0,0,0,0,0,0
1002,2016-08-27 23:12:03.000 MDT,0,1,0,0,0,0,0,0,0,0,0,0,0,0,0,0
1003,2016-08-27 23:19:21.000 MDT,0,0,1,0,0,0,0,0,0,0,0,0,0,0,0,0
1004,2016-08-27 23:23:46.000 MDT,0,0,0,0,0,0,0,0,0,1,0,0,0,0,0,0
1005,2016-08-27 23:27:25.000 MDT,0,1,0,0,0,0,0,0,0,0,0,0,0,0,0,0
1006,2016-08-27 23:29:20.000 MDT,0,0,0,0,1,0,0,0,0,0,0,0,0,0,0,0
1007,2016-08-27 23:31:28.000 MDT,0,0,0,0,0,1,0,0,0,0,0,0,0,0,0,0
1008,2016-08-27 23:33:07.000 MDT,0,0,1,0,0,0,0,0,0,0,0,0,0,0,0,0
1009,2016-08-27 23:33:15.000 MDT,0,0,0,0,0,1,0,0,0,0,0,0,0,0,0,0
1010,2016-08-27 23:34:28.000 MDT,1,0,0,0,0,0,0,0,0,0,0,0,0,0,0,0
1011,2016-08-27 23:36:08.000 MDT,0,1,0,0,0,0,0,0,0,0,0,0,0,0,0,0
1012,2016-08-27 23:37:14.000 MDT,0,1,0,0,0,0,0,0,0,0,0,0,0,0,0,0
1013,2016-08-27 23:37:17.000 MDT,0,1,0,0,0,0,0,0,0,0,0,0,0,0,0,0
1014,2016-08-27 23:40:45.000 MDT,0,0,1,0,0,0,0,0,0,0,0,0,0,0,0,0
1015,2016-08-27 23:46:43.000 MDT,0,0,1,0,0,0,0,0,0,0,0,0,0,0,0,0
1016,2016-08-27 23:55:16.000 MDT,1,0,0,0,0,0,0,0,0,0,0,0,0,0,0,0
1017,2016-08-27 23:58:54.000 MDT,1,0,0,0,0,0,0,0,0,0,0,0,0,0,0,0
1018,2016-08-28 00:04:30.000 MDT,0,1,0,0,0,0,0,0,0,0,0,0,0,0,0,0
1019,2016-08-28 00:05:24.000 MDT,0,0,1,0,0,0,0,0,0,0,0,0,0,0,0,0
1020,2016-08-28 00:09:22.000 MDT,1,0,0,0,0,0,0,0,0,0,0,0,0,0,0,0
1021,2016-08-28 00:09:38.000 MDT,1,0,0,0,0,0,0,0,0,0,0,0,0,0,0,0
1022,2016-08-28 00:14:50.000 MDT,0,0,1,0,0,0,0,0,0,0,0,0,0,0,0,0
1023,2016-08-28 00:17:09.000 MDT,0,0,1,0,0,0,0,0,0,0,0,0,0,0,0,0
1024,2016-08-28 00:19:33.000 MDT,1,0,0,0,0,0,0,0,0,0,0,0,0,0,0,0
1025,2016-08-28 00:23:32.000 MDT,0,0,1,0,0,0,0,0,0,0,0,0,0,0,0,0
1026,2016-08-28 00:35:13.000 MDT,0,0,0,0,0,1,0,0,0,0,0,0,0,0,0,0
1027,2016-08-28 00:40:10.000 MDT,1,0,0,0,0,0,0,0,0,0,0,0,0,0,0,0
1028,2016-08-28 00:41:49.000 MDT,1,0,0,0,0,0,0,0,0,0,0,0,0,0,0,0
1029,2016-08-28 00:47:09.000 MDT,0,1,0,0,0,0,0,0,0,0,0,0,0,0,0,0
1030,2016-08-28 00:52:59.000 MDT,0,0,0,1,0,0,0,0,0,0,0,0,0,0,0,0
1031,2016-08-28 00:53:09.000 MDT,0,0,1,0,0,0,0,0,0,0,0,0,0,0,0,0
1032,2016-08-28 01:01:52.000 MDT,0,0,1,0,0,0,0,0,0,0,0,0,0,0,0,0
1033,2016-08-28 01:03:19.000 MDT,0,1,0,0,0,0,0,0,0,0,0,0,0,0,0,0
1034,2016-08-28 01:12:53.000 MDT,0,0,0,0,1,0,0,0,0,0,0,0,0,0,0,0
1035,2016-08-28 01:14:34.000 MDT,0,0,1,0,0,0,0,0,0,0,0,0,0,0,0,0
1036,2016-08-28 01:16:48.000 MDT,0,1,0,0,0,0,0,0,0,0,0,0,0,0,0,0
1037,2016-08-28 01:18:59.000 MDT,0,0,1,0,0,0,0,0,0,0,0,0,0,0,0,0
1038,2016-08-28 01:22:36.000 MDT,1,0,0,0,0,0,0,0,0,0,0,0,0,0,0,0
1039,2016-08-28 01:28:26.000 MDT,0,0,1,0,0,0,0,0,0,0,0,0,0,0,0,0
1040,2016-08-28 01:35:02.000 MDT,0,0,1,0,0,0,0,0,0,0,0,0,0,0,0,0
1041,2016-08-28 01:35:34.000 MDT,1,0,0,0,0,0,0,0,0,0,0,0,0,0,0,0
1042,2016-08-28 01:39:24.000 MDT,0,1,0,0,0,0,0,0,0,0,0,0,0,0,0,0
1043,2016-08-28 01:39:34.000 MDT,0,0,0,1,0,0,0,0,0,0,0,0,0,0,0,0
1044,2016-08-28 01:49:34.000 MDT,0,0,1,0,0,0,0,0,0,0,0,0,0,0,0,0
1045,2016-08-28 01:50:48.000 MDT,0,1,0,0,0,0,0,0,0,0,0,0,0,0,0,0
1046,2016-08-28 01:52:32.000 MDT,0,1,0,0,0,0,0,0,0,0,0,0,0,0,0,0
1047,2016-08-28 01:58:14.000 MDT,0,1,0,0,0,0,0,0,0,0,0,0,0,0,0,0
1048,2016-08-28 02:05:57.000 MDT,0,0,1,0,0,0,0,0,0,0,0,0,0,0,0,0
1049,2016-08-28 02:06:06.000 MDT,0,1,0,0,0,0,0,0,0,0,0,0,0,0,0,0
1050,2016-08-28 02:09:05.000 MDT,1,0,0,0,0,0,0,0,0,0,0,0,0,0,0,0
1051,2016-08-28 02:10:01.000 MDT,1,0,0,0,0,0,0,0,0,0,0,0,0,0,0,0
1052,2016-08-28 02:12:03.000 MDT,0,0,1,0,0,0,0,0,0,0,0,0,0,0,0,0
1053,2016-08-28 02:13:30.000 MDT,0,1,0,0,0,0,0,0,0,0,0,0,0,0,0,0
1054,2016-08-28 02:17:12.000 MDT,1,0,0,0,0,0,0,0,0,0,0,0,0,0,0,0
1055,2016-08-28 02:22:42.000 MDT,1,0,0,0,0,0,0,0,0,0,0,0,0,0,0,0
1056,2016-08-28 02:22:47.000 MDT,0,1,0,0,0,0,0,0,0,0,0,0,0,0,0,0
1057,2016-08-28 02:23:32.000 MDT,1,0,0,0,0,0,0,0,0,0,0,0,0,0,0,0
1058,2016-08-28 02:23:44.000 MDT,0,0,0,1,0,0,0,0,0,0,0,0,0,0,0,0
1059,2016-08-28 02:33:57.000 MDT,0,1,0,0,0,0,0,0,0,0,0,0,0,0,0,0
1060,2016-08-28 02:34:54.000 MDT,1,0,0,0,0,0,0,0,0,0,0,0,0,0,0,0
1061,2016-08-28 02:35:39.000 MDT,0,0,0,0,0,1,0,0,0,0,0,0,0,0,0,0
1062,2016-08-28 02:36:24.000 MDT,0,1,0,0,0,0,0,0,0,0,0,0,0,0,0,0
1063,2016-08-28 02:40:09.000 MDT,1,0,0,0,0,0,0,0,0,0,0,0,0,0,0,0
1064,2016-08-28 02:40:35.000 MDT,0,0,0,0,0,1,0,0,0,0,0,0,0,0,0,0
1065,2016-08-28 02:44:10.000 MDT,0,1,0,0,0,0,0,0,0,0,0,0,0,0,0,0
1066,2016-08-28 02:46:34.000 MDT,0,1,0,0,0,0,0,0,0,0,0,0,0,0,0,0
1067,2016-08-28 02:48:14.000 MDT,0,0,0,0,1,0,0,0,0,0,0,0,0,0,0,0
1068,2016-08-28 02:49:28.000 MDT,0,1,0,0,0,0,0,0,0,0,0,0,0,0,0,0
1069,2016-08-28 02:53:18.000 MDT,1,0,0,0,0,0,0,0,0,0,0,0,0,0,0,0
1070,2016-08-28 02:53:26.000 MDT,1,0,0,0,0,0,0,0,0,0,0,0,0,0,0,0
1071,2016-08-28 02:58:20.000 MDT,0,1,0,0,0,0,0,0,0,0,0,0,0,0,0,0
1072,2016-08-28 03:00:44.000 MDT,0,0,1,0,0,0,0,0,0,0,0,0,0,0,0,0
1073,2016-08-28 03:04:43.000 MDT,0,0,0,1,0,0,0,0,0,0,0,0,0,0,0,0
1074,2016-08-28 03:06:27.000 MDT,0,1,0,0,0,0,0,0,0,0,0,0,0,0,0,0
1075,2016-08-28 03:08:29.000 MDT,0,1,0,0,0,0,0,0,0,0,0,0,0,0,0,0
1076,2016-08-28 03:12:25.000 MDT,0,1,0,0,0,0,0,0,0,0,0,0,0,0,0,0
1077,2016-08-28 03:13:23.000 MDT,0,0,0,0,1,0,0,0,0,0,0,0,0,0,0,0
1078,2016-08-28 03:14:00.000 MDT,0,0,1,0,0,0,0,0,0,0,0,0,0,0,0,0
1079,2016-08-28 03:15:53.000 MDT,0,0,1,0,0,0,0,0,0,0,0,0,0,0,0,0
1080,2016-08-28 03:16:21.000 MDT,0,0,1,0,0,0,0,0,0,0,0,0,0,0,0,0
1081,2016-08-28 03:22:44.000 MDT,0,0,1,0,0,0,0,0,0,0,0,0,0,0,0,0
1082,2016-08-28 03:23:55.000 MDT,1,0,0,0,0,0,0,0,0,0,0,0,0,0,0,0
1083,2016-08-28 03:28:04.000 MDT,0,0,1,0,0,0,0,0,0,0,0,0,0,0,0,0
1084,2016-08-28 03:31:07.000 MDT,1,0,0,0,0,0,0,0,0,0,0,0,0,0,0,0
1085,2016-08-28 03:31:53.000 MDT,1,0,0,0,0,0,0,0,0,0,0,0,0,0,0,0
1086,2016-08-28 03:33:38.000 MDT,1,0,0,0,0,0,0,0,0,0,0,0,0,0,0,0
1087,2016-08-28 03:39:39.000 MDT,0,1,0,0,0,0,0,0,0,0,0,0,0,0,0,0
1088,2016-08-28 03:41:10.000 MDT,0,1,0,0,0,0,0,0,0,0,0,0,0,0,0,0
1089,2016-08-28 03:46:01.000 MDT,1,0,0,0,0,0,0,0,0,0,0,0,0,0,0,0
1090,2016-08-28 03:48:16.000 MDT,0,1,0,0,0,0,0,0,0,0,0,0,0,0,0,0
1091,2016-08-28 03:52:33.000 MDT,1,0,0,0,0,0,0,0,0,0,0,0,0,0,0,0
1092,2016-08-28 03:53:12.000 MDT,0,0,1,0,0,0,0,0,0,0,0,0,0,0,0,0
1093,2016-08-28 03:53:35.000 MDT,0,0,0,0,0,0,0,0,0,1,0,0,0,0,0,0
1094,2016-08-28 03:54:21.000 MDT,0,1,0,0,0,0,0,0,0,0,0,0,0,0,0,0
1095,2016-08-28 03:54:24.000 MDT,0,0,1,0,0,0,0,0,0,0,0,0,0,0,0,0
1096,2016-08-28 04:01:28.000 MDT,0,0,0,1,0,0,0,0,0,0,0,0,0,0,0,0
1097,2016-08-28 04:06:44.000 MDT,0,0,1,0,0,0,0,0,0,0,0,0,0,0,0,0
1098,2016-08-28 04:11:15.000 MDT,0,0,0,0,0,1,0,0,0,0,0,0,0,0,0,0
1099,2016-08-28 04:16:02.000 MDT,0,1,0,0,0,0,0,0,0,0,0,0,0,0,0,0
1100,2016-08-28 04:20:54.000 MDT,0,0,1,0,0,0,0,0,0,0,0,0,0,0,0,0
1101,2016-08-28 04:21:21.000 MDT,0,0,0,0,1,0,0,0,0,0,0,0,0,0,0,0
1102,2016-08-28 04:24:25.000 MDT,0,0,0,1,0,0,0,0,0,0,0,0,0,0,0,0
1103,2016-08-28 04:24:52.000 MDT,0,0,1,0,0,0,0,0,0,0,0,0,0,0,0,0
1104,2016-08-28 04:26:07.000 MDT,0,1,0,0,0,0,0,0,0,0,0,0,0,0,0,0
1105,2016-08-28 04:27:33.000 MDT,0,0,0,0,1,0,0,0,0,0,0,0,0,0,0,0
1106,2016-08-28 04:34:34.000 MDT,0,0,1,0,0,0,0,0,0,0,0,0,0,0,0,0
1107,2016-08-28 04:39:13.000 MDT,0,1,0,0,0,0,0,0,0,0,0,0,0,0,0,0
1108,2016-08-28 04:40:20.000 MDT,0,1,0,0,0,0,0,0,0,0,0,0,0,0,0,0
1109,2016-08-28 04:41:45.000 MDT,0,1,0,0,0,0,0,0,0,0,0,0,0,0,0,0
1110,2016-08-28 04:42:05.000 MDT,0,1,0,0,0,0,0,0,0,0,0,0,0,0,0,0
1111,2016-08-28 04:42:54.000 MDT,0,1,0,0,0,0,0,0,0,0,0,0,0,0,0,0
1112,2016-08-28 04:43:28.000 MDT,1,0,0,0,0,0,0,0,0,0,0,0,0,0,0,0
1113,2016-08-28 04:46:08.000 MDT,1,0,0,0,0,0,0,0,0,0,0,0,0,0,0,0
1114,2016-08-28 04:50:09.000 MDT,0,0,1,0,0,0,0,0,0,0,0,0,0,0,0,0
1115,2016-08-28 04:50:50.000 MDT,0,1,0,0,0,0,0,0,0,0,0,0,0,0,0,0
1116,2016-08-28 04:51:23.000 MDT,1,0,0,0,0,0,0,0,0,0,0,0,0,0,0,0
1117,2016-08-28 04:52:25.000 MDT,1,0,0,0,0,0,0,0,0,0,0,0,0,0,0,0
1118,2016-08-28 04:52:50.000 MDT,1,0,0,0,0,0,0,0,0,0,0,0,0,0,0,0
1119,2016-08-28 04:59:44.000 MDT,1,0,0,0,0,0,0,0,0,0,0,0,0,0,0,0
1120,2016-08-28 05:08:08.000 MDT,0,0,1,0,0,0,0,0,0,0,0,0,0,0,0,0
1121,2016-08-28 05:10:03.000 MDT,0,1,0,0,0,0,0,0,0,0,0,0,0,0,0,0
1122,2016-08-28 05:10:10.000 MDT,0,1,0,0,0,0,0,0,0,0,0,0,0,0,0,0
1123,2016-08-28 05:10:31.000 MDT,0,0,1,0,0,0,0,0,0,0,0,0,0,0,0,0
1124,2016-08-28 05:16:30.000 MDT,0,1,0,0,0,0,0,0,0,0,0,0,0,0,0,0
1125,2016-08-28 05:19:51.000 MDT,0,0,1,0,0,0,0,0,0,0,0,0,0,0,0,0
1126,2016-08-28 05:20:11.000 MDT,0,1,0,0,0,0,0,0,0,0,0,0,0,0,0,0
1127,2016-08-28 05:27:31.000 MDT,0,0,1,0,0,0,0,0,0,0,0,0,0,0,0,0
1128,2016-08-28 05:27:49.000 MDT,0,1,0,0,0,0,0,0,0,0,0,0,0,0,0,0
1129,2016-08-28 05:33:26.000 MDT,0,0,0,1,0,0,0,0,0,0,0,0,0,0,0,0
1130,2016-08-28 05:38:11.000 MDT,1,0,0,0,0,0,0,0,0,0,0,0,0,0,0,0
1131,2016-08-28 05:39:37.000 MDT,0,1,0,0,0,0,0,0,0,0,0,0,0,0,0,0
1132,2016-08-28 05:42:55.000 MDT,1,0,0,0,0,0,0,0,0,0,0,0,0,0,0,0
1133,2016-08-28 05:43:33.000 MDT,0,0,1,0,0,0,0,0,0,0,0,0,0,0,0,0
1134,2016-08-28 05:45:22.000 MDT,0,0,0,0,0,1,0,0,0,0,0,0,0,0,0,0
1135,2016-08-28 05:50:01.000 MDT,0,1,0,0,0,0,0,0,0,0,0,0,0,0,0,0
1136,2016-08-28 05:57:35.000 MDT,0,0,0,0,0,1,0,0,0,0,0,0,0,0,0,0
1137,2016-08-28 06:03:39.000 MDT,0,0,1,0,0,0,0,0,0,0,0,0,0,0,0,0
1138,2016-08-28 06:06:39.000 MDT,1,0,0,0,0,0,0,0,0,0,0,0,0,0,0,0
1139,2016-08-28 06:09:30.000 MDT,0,0,1,0,0,0,0,0,0,0,0,0,0,0,0,0
1140,2016-08-28 06:12:07.000 MDT,0,1,0,0,0,0,0,0,0,0,0,0,0,0,0,0
1141,2016-08-28 06:12:20.000 MDT,0,1,0,0,0,0,0,0,0,0,0,0,0,0,0,0
1142,2016-08-28 06:26:34.000 MDT,0,1,0,0,0,0,0,0,0,0,0,0,0,0,0,0
1143,2016-08-28 06:26:58.000 MDT,0,0,0,0,0,1,0,0,0,0,0,0,0,0,0,0
1144,2016-08-28 06:27:06.000 MDT,0,1,0,0,0,0,0,0,0,0,0,0,0,0,0,0
1145,2016-08-28 06:32:46.000 MDT,0,0,1,0,0,0,0,0,0,0,0,0,0,0,0,0
1146,2016-08-28 06:40:51.000 MDT,0,1,0,0,0,0,0,0,0,0,0,0,0,0,0,0
1147,2016-08-28 06:41:19.000 MDT,0,0,0,0,0,1,0,0,0,0,0,0,0,0,0,0
1148,2016-08-28 06:54:25.000 MDT,0,0,1,0,0,0,0,0,0,0,0,0,0,0,0,0
1149,2016-08-28 06:57:19.000 MDT,0,0,0,0,1,0,0,0,0,0,0,0,0,0,0,0
1150,2016-08-28 06:59:32.000 MDT,0,1,0,0,0,0,0,0,0,0,0,0,0,0,0,0
1151,2016-08-28 07:00:48.000 MDT,0,0,0,0,0,0,1,0,0,0,0,0,0,0,0,0
1152,2016-08-28 07:04:07.000 MDT,0,0,1,0,0,0,0,0,0,0,0,0,0,0,0,0
1153,2016-08-28 07:05:31.000 MDT,0,1,0,0,0,0,0,0,0,0,0,0,0,0,0,0
1154,2016-08-28 07:17:12.000 MDT,0,1,0,0,0,0,0,0,0,0,0,0,0,0,0,0
1155,2016-08-28 07:17:21.000 MDT,0,1,0,0,0,0,0,0,0,0,0,0,0,0,0,0
1156,2016-08-28 07:19:31.000 MDT,0,0,0,1,0,0,0,0,0,0,0,0,0,0,0,0
1157,2016-08-28 07:20:27.000 MDT,0,1,0,0,0,0,0,0,0,0,0,0,0,0,0,0
1158,2016-08-28 07:21:00.000 MDT,0,1,0,0,0,0,0,0,0,0,0,0,0,0,0,0
1159,2016-08-28 07:27:06.000 MDT,0,0,1,0,0,0,0,0,0,0,0,0,0,0,0,0
1160,2016-08-28 07:27:30.000 MDT,0,0,1,0,0,0,0,0,0,0,0,0,0,0,0,0
1161,2016-08-28 07:28:09.000 MDT,0,0,1,0,0,0,0,0,0,0,0,0,0,0,0,0
1162,2016-08-28 07:28:57.000 MDT,0,1,0,0,0,0,0,0,0,0,0,0,0,0,0,0
1163,2016-08-28 07:29:12.000 MDT,0,0,1,0,0,0,0,0,0,0,0,0,0,0,0,0
1164,2016-08-28 07:36:57.000 MDT,0,0,1,0,0,0,0,0,0,0,0,0,0,0,0,0
1165,2016-08-28 07:37:18.000 MDT,0,1,0,0,0,0,0,0,0,0,0,0,0,0,0,0
1166,2016-08-28 07:41:36.000 MDT,0,1,0,0,0,0,0,0,0,0,0,0,0,0,0,0
1167,2016-08-28 07:42:08.000 MDT,0,1,0,0,0,0,0,0,0,0,0,0,0,0,0,0
1168,2016-08-28 07:47:23.000 MDT,0,1,0,0,0,0,0,0,0,0,0,0,0,0,0,0
1169,2016-08-28 07:47:25.000 MDT,0,0,0,0,0,1,0,0,0,0,0,0,0,0,0,0
1170,2016-08-28 07:48:24.000 MDT,1,0,0,0,0,0,0,0,0,0,0,0,0,0,0,0
1171,2016-08-28 07:48:59.000 MDT,0,1,0,0,0,0,0,0,0,0,0,0,0,0,0,0
1172,2016-08-28 07:52:51.000 MDT,0,0,0,1,0,0,0,0,0,0,0,0,0,0,0,0
1173,2016-08-28 07:57:34.000 MDT,0,1,0,0,0,0,0,0,0,0,0,0,0,0,0,0
1174,2016-08-28 08:01:02.000 MDT,1,0,0,0,0,0,0,0,0,0,0,0,0,0,0,0
1175,2016-08-28 08:03:32.000 MDT,0,0,0,1,0,0,0,0,0,0,0,0,0,0,0,0
1176,2016-08-28 08:03:42.000 MDT,0,1,0,0,0,0,0,0,0,0,0,0,0,0,0,0
1177,2016-08-28 08:03:46.000 MDT,0,0,0,0,0,1,0,0,0,0,0,0,0,0,0,0
1178,2016-08-28 08:05:16.000 MDT,0,0,0,0,0,0,0,0,0,1,0,0,0,0,0,0
1179,2016-08-28 08:06:07.000 MDT,0,1,0,0,0,0,0,0,0,0,0,0,0,0,0,0
1180,2016-08-28 08:07:12.000 MDT,0,0,0,0,0,1,0,0,0,0,0,0,0,0,0,0
1181,2016-08-28 08:12:57.000 MDT,1,0,0,0,0,0,0,0,0,0,0,0,0,0,0,0
1182,2016-08-28 08:13:33.000 MDT,0,0,1,0,0,0,0,0,0,0,0,0,0,0,0,0
1183,2016-08-28 08:13:46.000 MDT,0,1,0,0,0,0,0,0,0,0,0,0,0,0,0,0
1184,2016-08-28 08:18:54.000 MDT,0,1,0,0,0,0,0,0,0,0,0,0,0,0,0,0
1185,2016-08-28 08:22:32.000 MDT,0,0,1,0,0,0,0,0,0,0,0,0,0,0,0,0
1186,2016-08-28 08:23:42.000 MDT,1,0,0,0,0,0,0,0,0,0,0,0,0,0,0,0
1187,2016-08-28 08:24:00.000 MDT,1,0,0,0,0,0,0,0,0,0,0,0,0,0,0,0
1188,2016-08-28 08:28:22.000 MDT,1,0,0,0,0,0,0,0,0,0,0,0,0,0,0,0
1189,2016-08-28 08:29:59.000 MDT,1,0,0,0,0,0,0,0,0,0,0,0,0,0,0,0
1190,2016-08-28 08:36:25.000 MDT,0,0,1,0,0,0,0,0,0,0,0,0,0,0,0,0
1191,2016-08-28 08:41:13.000 MDT,0,0,0,0,0,0,1,0,0,0,0,0,0,0,0,0
1192,2016-08-28 08:41:22.000 MDT,1,0,0,0,0,0,0,0,0,0,0,0,0,0,0,0
1193,2016-08-28 08:51:09.000 MDT,0,0,0,0,0,1,0,0,0,0,0,0,0,0,0,0
1194,2016-08-28 08:54:51.000 MDT,0,1,0,0,0,0,0,0,0,0,0,0,0,0,0,0
1195,2016-08-28 08:58:43.000 MDT,0,1,0,0,0,0,0,0,0,0,0,0,0,0,0,0
1196,2016-08-28 08:59:09.000 MDT,0,1,0,0,0,0,0,0,0,0,0,0,0,0,0,0
1197,2016-08-28 08:59:45.000 MDT,0,1,0,0,0,0,0,0,0,0,0,0,0,0,0,0
1198,2016-08-28 09:02:16.000 MDT,0,0,0,0,0,1,0,0,0,0,0,0,0,0,0,0
1199,2016-08-28 09:08:43.000 MDT,0,0,0,0,0,0,1,0,0,0,0,0,0,0,0,0
1200,2016-08-28 09:08:53.000 MDT,0,0,1,0,0,0,0,0,0,0,0,0,0,0,0,0
1201,2016-08-28 09:11:35.000 MDT,0,0,1,0,0,0,0,0,0,0,0,0,0,0,0,0
1202,2016-08-28 09:13:41.000 MDT,0,1,0,0,0,0,0,0,0,0,0,0,0,0,0,0
1203,2016-08-28 09:17:16.000 MDT,1,0,0,0,0,0,0,0,0,0,0,0,0,0,0,0
1204,2016-08-28 09:17:38.000 MDT,0,1,0,0,0,0,0,0,0,0,0,0,0,0,0,0
1205,2016-08-28 09:20:31.000 MDT,0,0,1,0,0,0,0,0,0,0,0,0,0,0,0,0
1206,2016-08-28 09:22:40.000 MDT,0,0,1,0,0,0,0,0,0,0,0,0,0,0,0,0
1207,2016-08-28 09:26:31.000 MDT,0,1,0,0,0,0,0,0,0,0,0,0,0,0,0,0
1208,2016-08-28 09:26:48.000 MDT,0,1,0,0,0,0,0,0,0,0,0,0,0,0,0,0
1209,2016-08-28 09:27:01.000 MDT,0,0,1,0,0,0,0,0,0,0,0,0,0,0,0,0
1210,2016-08-28 09:28:08.000 MDT,0,0,0,0,1,0,0,0,0,0,0,0,0,0,0,0
1211,2016-08-28 09:28:30.000 MDT,0,1,0,0,0,0,0,0,0,0,0,0,0,0,0,0
1212,2016-08-28 09:28:59.000 MDT,0,0,1,0,0,0,0,0,0,0,0,0,0,0,0,0
1213,2016-08-28 09:31:59.000 MDT,0,0,0,0,0,0,1,0,0,0,0,0,0,0,0,0
1214,2016-08-28 09:33:57.000 MDT,1,0,0,0,0,0,0,0,0,0,0,0,0,0,0,0
1215,2016-08-28 09:36:35.000 MDT,0,0,1,0,0,0,0,0,0,0,0,0,0,0,0,0
1216,2016-08-28 09:41:05.000 MDT,1,0,0,0,0,0,0,0,0,0,0,0,0,0,0,0
1217,2016-08-28 09:43:31.000 MDT,0,1,0,0,0,0,0,0,0,0,0,0,0,0,0,0
1218,2016-08-28 09:44:10.000 MDT,0,1,0,0,0,0,0,0,0,0,0,0,0,0,0,0
1219,2016-08-28 09:44:15.000 MDT,0,0,1,0,0,0,0,0,0,0,0,0,0,0,0,0
1220,2016-08-28 09:51:43.000 MDT,1,0,0,0,0,0,0,0,0,0,0,0,0,0,0,0
1221,2016-08-28 09:59:41.000 MDT,0,0,1,0,0,0,0,0,0,0,0,0,0,0,0,0
1222,2016-08-28 10:01:13.000 MDT,1,0,0,0,0,0,0,0,0,0,0,0,0,0,0,0
1223,2016-08-28 10:01:51.000 MDT,1,0,0,0,0,0,0,0,0,0,0,0,0,0,0,0
1224,2016-08-28 10:03:58.000 MDT,0,0,0,0,0,0,1,0,0,0,0,0,0,0,0,0
1225,2016-08-28 10:08:41.000 MDT,0,0,1,0,0,0,0,0,0,0,0,0,0,0,0,0
1226,2016-08-28 10:09:56.000 MDT,1,0,0,0,0,0,0,0,0,0,0,0,0,0,0,0
1227,2016-08-28 10:10:39.000 MDT,0,1,0,0,0,0,0,0,0,0,0,0,0,0,0,0
1228,2016-08-28 10:13:02.000 MDT,0,1,0,0,0,0,0,0,0,0,0,0,0,0,0,0
1229,2016-08-28 10:18:06.000 MDT,1,0,0,0,0,0,0,0,0,0,0,0,0,0,0,0
1230,2016-08-28 10:24:37.000 MDT,0,1,0,0,0,0,0,0,0,0,0,0,0,0,0,0
1231,2016-08-28 10:27:11.000 MDT,1,0,0,0,0,0,0,0,0,0,0,0,0,0,0,0
1232,2016-08-28 10:31:00.000 MDT,0,0,1,0,0,0,0,0,0,0,0,0,0,0,0,0
1233,2016-08-28 10:33:30.000 MDT,0,1,0,0,0,0,0,0,0,0,0,0,0,0,0,0
1234,2016-08-28 10:38:00.000 MDT,0,0,0,1,0,0,0,0,0,0,0,0,0,0,0,0
1235,2016-08-28 10:41:38.000 MDT,0,0,1,0,0,0,0,0,0,0,0,0,0,0,0,0
1236,2016-08-28 10:44:31.000 MDT,1,0,0,0,0,0,0,0,0,0,0,0,0,0,0,0
1237,2016-08-28 10:46:46.000 MDT,1,0,0,0,0,0,0,0,0,0,0,0,0,0,0,0
1238,2016-08-28 10:49:27.000 MDT,0,1,0,0,0,0,0,0,0,0,0,0,0,0,0,0
1239,2016-08-28 10:52:25.000 MDT,0,1,0,0,0,0,0,0,0,0,0,0,0,0,0,0
1240,2016-08-28 10:54:16.000 MDT,0,0,1,0,0,0,0,0,0,0,0,0,0,0,0,0
1241,2016-08-28 10:55:00.000 MDT,0,0,1,0,0,0,0,0,0,0,0,0,0,0,0,0
1242,2016-08-28 10:56:54.000 MDT,1,0,0,0,0,0,0,0,0,0,0,0,0,0,0,0
1243,2016-08-28 11:03:08.000 MDT,0,1,0,0,0,0,0,0,0,0,0,0,0,0,0,0
1244,2016-08-28 11:05:50.000 MDT,0,1,0,0,0,0,0,0,0,0,0,0,0,0,0,0
1245,2016-08-28 11:08:24.000 MDT,0,0,1,0,0,0,0,0,0,0,0,0,0,0,0,0
1246,2016-08-28 11:13:46.000 MDT,0,0,0,0,0,0,1,0,0,0,0,0,0,0,0,0
1247,2016-08-28 11:18:38.000 MDT,1,0,0,0,0,0,0,0,0,0,0,0,0,0,0,0
1248,2016-08-28 11:19:38.000 MDT,0,0,1,0,0,0,0,0,0,0,0,0,0,0,0,0
1249,2016-08-28 11:19:53.000 MDT,0,0,1,0,0,0,0,0,0,0,0,0,0,0,0,0
1250,2016-08-28 11:23:24.000 MDT,0,0,1,0,0,0,0,0,0,0,0,0,0,0,0,0
1251,2016-08-28 11:24:09.000 MDT,0,0,0,1,0,0,0,0,0,0,0,0,0,0,0,0
1252,2016-08-28 11:24:49.000 MDT,0,0,1,0,0,0,0,0,0,0,0,0,0,0,0,0
1253,2016-08-28 11:26:03.000 MDT,0,1,0,0,0,0,0,0,0,0,0,0,0,0,0,0
1254,2016-08-28 11:27:18.000 MDT,0,1,0,0,0,0,0,0,0,0,0,0,0,0,0,0
1255,2016-08-28 11:30:50.000 MDT,1,0,0,0,0,0,0,0,0,0,0,0,0,0,0,0
1256,2016-08-28 11:32:57.000 MDT,0,1,0,0,0,0,0,0,0,0,0,0,0,0,0,0
1257,2016-08-28 11:33:42.000 MDT,1,0,0,0,0,0,0,0,0,0,0,0,0,0,0,0
1258,2016-08-28 11:34:19.000 MDT,0,0,0,1,0,0,0,0,0,0,0,0,0,0,0,0
1259,2016-08-28 11:38:52.000 MDT,0,0,0,1,0,0,0,0,0,0,0,0,0,0,0,0
1260,2016-08-28 11:38:53.000 MDT,0,0,1,0,0,0,0,0,0,0,0,0,0,0,0,0
1261,2016-08-28 11:41:04.000 MDT,0,0,1,0,0,0,0,0,0,0,0,0,0,0,0,0
1262,2016-08-28 11:41:31.000 MDT,0,1,0,0,0,0,0,0,0,0,0,0,0,0,0,0
1263,2016-08-28 11:46:00.000 MDT,0,1,0,0,0,0,0,0,0,0,0,0,0,0,0,0
1264,2016-08-28 11:51:51.000 MDT,0,1,0,0,0,0,0,0,0,0,0,0,0,0,0,0
1265,2016-08-28 11:54:14.000 MDT,0,0,0,0,0,1,0,0,0,0,0,0,0,0,0,0
1266,2016-08-28 11:58:05.000 MDT,0,1,0,0,0,0,0,0,0,0,0,0,0,0,0,0
1267,2016-08-28 12:00:17.000 MDT,0,1,0,0,0,0,0,0,0,0,0,0,0,0,0,0
1268,2016-08-28 12:01:34.000 MDT,0,0,1,0,0,0,0,0,0,0,0,0,0,0,0,0
1269,2016-08-28 12:06:03.000 MDT,0,0,1,0,0,0,0,0,0,0,0,0,0,0,0,0
1270,2016-08-28 12:07:18.000 MDT,1,0,0,0,0,0,0,0,0,0,0,0,0,0,0,0
1271,2016-08-28 12:08:49.000 MDT,1,0,0,0,0,0,0,0,0,0,0,0,0,0,0,0
1272,2016-08-28 12:09:02.000 MDT,0,0,0,0,1,0,0,0,0,0,0,0,0,0,0,0
1273,2016-08-28 12:15:50.000 MDT,0,0,1,0,0,0,0,0,0,0,0,0,0,0,0,0
1274,2016-08-28 12:20:36.000 MDT,0,0,1,0,0,0,0,0,0,0,0,0,0,0,0,0
1275,2016-08-28 12:25:01.000 MDT,0,1,0,0,0,0,0,0,0,0,0,0,0,0,0,0
1276,2016-08-28 12:29:31.000 MDT,0,1,0,0,0,0,0,0,0,0,0,0,0,0,0,0
1277,2016-08-28 12:31:28.000 MDT,0,1,0,0,0,0,0,0,0,0,0,0,0,0,0,0
1278,2016-08-28 12:32:18.000 MDT,0,0,0,1,0,0,0,0,0,0,0,0,0,0,0,0
1279,2016-08-28 12:37:53.000 MDT,0,0,0,0,1,0,0,0,0,0,0,0,0,0,0,0
1280,2016-08-28 12:38:26.000 MDT,0,0,1,0,0,0,0,0,0,0,0,0,0,0,0,0
1281,2016-08-28 12:40:32.000 MDT,0,0,0,1,0,0,0,0,0,0,0,0,0,0,0,0
1282,2016-08-28 12:41:15.000 MDT,0,0,0,0,1,0,0,0,0,0,0,0,0,0,0,0
1283,2016-08-28 12:42:33.000 MDT,1,0,0,0,0,0,0,0,0,0,0,0,0,0,0,0
1284,2016-08-28 12:43:42.000 MDT,1,0,0,0,0,0,0,0,0,0,0,0,0,0,0,0
1285,2016-08-28 12:47:36.000 MDT,0,1,0,0,0,0,0,0,0,0,0,0,0,0,0,0
1286,2016-08-28 12:51:33.000 MDT,0,1,0,0,0,0,0,0,0,0,0,0,0,0,0,0
1287,2016-08-28 12:55:36.000 MDT,0,0,0,0,0,1,0,0,0,0,0,0,0,0,0,0
1288,2016-08-28 13:01:16.000 MDT,0,0,0,0,1,0,0,0,0,0,0,0,0,0,0,0
1289,2016-08-28 13:08:00.000 MDT,1,0,0,0,0,0,0,0,0,0,0,0,0,0,0,0
1290,2016-08-28 13:08:41.000 MDT,0,0,0,0,1,0,0,0,0,0,0,0,0,0,0,0
1291,2016-08-28 13:14:39.000 MDT,0,0,1,0,0,0,0,0,0,0,0,0,0,0,0,0
1292,2016-08-28 13:16:14.000 MDT,0,0,1,0,0,0,0,0,0,0,0,0,0,0,0,0
1293,2016-08-28 13:21:17.000 MDT,0,0,1,0,0,0,0,0,0,0,0,0,0,0,0,0
1294,2016-08-28 13:22:02.000 MDT,0,1,0,0,0,0,0,0,0,0,0,0,0,0,0,0
1295,2016-08-28 13:24:07.000 MDT,0,0,1,0,0,0,0,0,0,0,0,0,0,0,0,0
1296,2016-08-28 13:27:04.000 MDT,0,1,0,0,0,0,0,0,0,0,0,0,0,0,0,0
1297,2016-08-28 13:32:31.000 MDT,0,1,0,0,0,0,0,0,0,0,0,0,0,0,0,0
1298,2016-08-28 13:34:27.000 MDT,0,0,1,0,0,0,0,0,0,0,0,0,0,0,0,0
1299,2016-08-28 13:35:57.000 MDT,0,0,1,0,0,0,0,0,0,0,0,0,0,0,0,0
1300,2016-08-28 13:36:21.000 MDT,0,1,0,0,0,0,0,0,0,0,0,0,0,0,0,0
1301,2016-08-28 13:36:57.000 MDT,0,0,1,0,0,0,0,0,0,0,0,0,0,0,0,0
1302,2016-08-28 13:38:23.000 MDT,0,0,1,0,0,0,0,0,0,0,0,0,0,0,0,0
1303,2016-08-28 13:40:10.000 MDT,0,1,0,0,0,0,0,0,0,0,0,0,0,0,0,0
1304,2016-08-28 13:47:49.000 MDT,1,0,0,0,0,0,0,0,0,0,0,0,0,0,0,0
1305,2016-08-28 13:49:57.000 MDT,0,0,0,1,0,0,0,0,0,0,0,0,0,0,0,0
1306,2016-08-28 13:51:27.000 MDT,0,1,0,0,0,0,0,0,0,0,0,0,0,0,0,0
1307,2016-08-28 13:53:54.000 MDT,1,0,0,0,0,0,0,0,0,0,0,0,0,0,0,0
1308,2016-08-28 13:54:13.000 MDT,0,1,0,0,0,0,0,0,0,0,0,0,0,0,0,0
1309,2016-08-28 13:56:58.000 MDT,0,0,0,0,0,0,1,0,0,0,0,0,0,0,0,0
1310,2016-08-28 13:57:42.000 MDT,1,0,0,0,0,0,0,0,0,0,0,0,0,0,0,0
1311,2016-08-28 13:58:21.000 MDT,0,0,1,0,0,0,0,0,0,0,0,0,0,0,0,0
1312,2016-08-28 14:01:56.000 MDT,0,0,0,0,0,1,0,0,0,0,0,0,0,0,0,0
1313,2016-08-28 14:03:27.000 MDT,0,0,1,0,0,0,0,0,0,0,0,0,0,0,0,0
1314,2016-08-28 14:15:16.000 MDT,0,0,1,0,0,0,0,0,0,0,0,0,0,0,0,0
1315,2016-08-28 14:19:19.000 MDT,1,0,0,0,0,0,0,0,0,0,0,0,0,0,0,0
1316,2016-08-28 14:23:49.000 MDT,0,0,1,0,0,0,0,0,0,0,0,0,0,0,0,0
1317,2016-08-28 14:29:20.000 MDT,0,0,0,0,1,0,0,0,0,0,0,0,0,0,0,0
1318,2016-08-28 14:31:52.000 MDT,0,0,1,0,0,0,0,0,0,0,0,0,0,0,0,0
1319,2016-08-28 14:38:16.000 MDT,1,0,0,0,0,0,0,0,0,0,0,0,0,0,0,0
1320,2016-08-28 14:42:24.000 MDT,1,0,0,0,0,0,0,0,0,0,0,0,0,0,0,0
1321,2016-08-28 14:51:36.000 MDT,1,0,0,0,0,0,0,0,0,0,0,0,0,0,0,0
1322,2016-08-28 14:53:42.000 MDT,0,0,0,0,0,1,0,0,0,0,0,0,0,0,0,0
1323,2016-08-28 14:54:48.000 MDT,0,0,0,0,1,0,0,0,0,0,0,0,0,0,0,0
1324,2016-08-28 14:56:10.000 MDT,0,0,1,0,0,0,0,0,0,0,0,0,0,0,0,0
1325,2016-08-28 14:57:38.000 MDT,1,0,0,0,0,0,0,0,0,0,0,0,0,0,0,0
1326,2016-08-28 14:58:56.000 MDT,1,0,0,0,0,0,0,0,0,0,0,0,0,0,0,0
1327,2016-08-28 14:59:50.000 MDT,0,0,0,1,0,0,0,0,0,0,0,0,0,0,0,0
1328,2016-08-28 15:00:03.000 MDT,0,0,0,0,0,1,0,0,0,0,0,0,0,0,0,0
1329,2016-08-28 15:04:46.000 MDT,1,0,0,0,0,0,0,0,0,0,0,0,0,0,0,0
1330,2016-08-28 15:07:32.000 MDT,0,1,0,0,0,0,0,0,0,0,0,0,0,0,0,0
1331,2016-08-28 15:10:16.000 MDT,0,0,1,0,0,0,0,0,0,0,0,0,0,0,0,0
1332,2016-08-28 15:16:25.000 MDT,0,0,1,0,0,0,0,0,0,0,0,0,0,0,0,0
1333,2016-08-28 15:19:22.000 MDT,1,0,0,0,0,0,0,0,0,0,0,0,0,0,0,0
1334,2016-08-28 15:23:40.000 MDT,0,1,0,0,0,0,0,0,0,0,0,0,0,0,0,0
1335,2016-08-28 15:35:32.000 MDT,0,1,0,0,0,0,0,0,0,0,0,0,0,0,0,0
1336,2016-08-28 15:45:49.000 MDT,0,0,1,0,0,0,0,0,0,0,0,0,0,0,0,0
1337,2016-08-28 15:46:12.000 MDT,0,0,1,0,0,0,0,0,0,0,0,0,0,0,0,0
1338,2016-08-28 15:49:44.000 MDT,0,1,0,0,0,0,0,0,0,0,0,0,0,0,0,0
1339,2016-08-28 15:52:00.000 MDT,1,0,0,0,0,0,0,0,0,0,0,0,0,0,0,0
1340,2016-08-28 15:55:24.000 MDT,0,0,1,0,0,0,0,0,0,0,0,0,0,0,0,0
1341,2016-08-28 16:06:00.000 MDT,1,0,0,0,0,0,0,0,0,0,0,0,0,0,0,0
1342,2016-08-28 16:08:46.000 MDT,0,0,0,1,0,0,0,0,0,0,0,0,0,0,0,0
1343,2016-08-28 16:10:27.000 MDT,0,1,0,0,0,0,0,0,0,0,0,0,0,0,0,0
1344,2016-08-28 16:11:21.000 MDT,0,0,1,0,0,0,0,0,0,0,0,0,0,0,0,0
1345,2016-08-28 16:12:32.000 MDT,1,0,0,0,0,0,0,0,0,0,0,0,0,0,0,0
1346,2016-08-28 16:23:44.000 MDT,1,0,0,0,0,0,0,0,0,0,0,0,0,0,0,0
1347,2016-08-28 16:24:37.000 MDT,0,0,1,0,0,0,0,0,0,0,0,0,0,0,0,0
1348,2016-08-28 16:25:41.000 MDT,0,0,1,0,0,0,0,0,0,0,0,0,0,0,0,0
1349,2016-08-28 16:27:19.000 MDT,0,0,1,0,0,0,0,0,0,0,0,0,0,0,0,0
1350,2016-08-28 16:27:46.000 MDT,0,0,1,0,0,0,0,0,0,0,0,0,0,0,0,0
1351,2016-08-28 16:31:02.000 MDT,1,0,0,0,0,0,0,0,0,0,0,0,0,0,0,0
1352,2016-08-28 16:38:26.000 MDT,1,0,0,0,0,0,0,0,0,0,0,0,0,0,0,0
1353,2016-08-28 16:48:52.000 MDT,0,1,0,0,0,0,0,0,0,0,0,0,0,0,0,0
1354,2016-08-28 16:50:11.000 MDT,0,0,1,0,0,0,0,0,0,0,0,0,0,0,0,0
1355,2016-08-28 16:54:30.000 MDT,1,0,0,0,0,0,0,0,0,0,0,0,0,0,0,0
1356,2016-08-28 16:59:27.000 MDT,0,1,0,0,0,0,0,0,0,0,0,0,0,0,0,0
1357,2016-08-28 17:05:29.000 MDT,0,1,0,0,0,0,0,0,0,0,0,0,0,0,0,0
1358,2016-08-28 17:05:34.000 MDT,0,0,1,0,0,0,0,0,0,0,0,0,0,0,0,0
1359,2016-08-28 17:08:54.000 MDT,0,1,0,0,0,0,0,0,0,0,0,0,0,0,0,0
1360,2016-08-28 17:10:44.000 MDT,0,1,0,0,0,0,0,0,0,0,0,0,0,0,0,0
1361,2016-08-28 17:15:21.000 MDT,0,0,1,0,0,0,0,0,0,0,0,0,0,0,0,0
1362,2016-08-28 17:15:52.000 MDT,0,0,1,0,0,0,0,0,0,0,0,0,0,0,0,0
1363,2016-08-28 17:18:31.000 MDT,1,0,0,0,0,0,0,0,0,0,0,0,0,0,0,0
1364,2016-08-28 17:22:48.000 MDT,0,0,1,0,0,0,0,0,0,0,0,0,0,0,0,0
1365,2016-08-28 17:26:09.000 MDT,0,1,0,0,0,0,0,0,0,0,0,0,0,0,0,0
1366,2016-08-28 17:30:04.000 MDT,1,0,0,0,0,0,0,0,0,0,0,0,0,0,0,0
1367,2016-08-28 17:30:54.000 MDT,1,0,0,0,0,0,0,0,0,0,0,0,0,0,0,0
1368,2016-08-28 17:32:51.000 MDT,1,0,0,0,0,0,0,0,0,0,0,0,0,0,0,0
1369,2016-08-28 17:37:53.000 MDT,0,0,0,0,0,0,1,0,0,0,0,0,0,0,0,0
1370,2016-08-28 17:41:59.000 MDT,0,0,1,0,0,0,0,0,0,0,0,0,0,0,0,0
1371,2016-08-28 17:45:40.000 MDT,0,0,0,0,0,1,0,0,0,0,0,0,0,0,0,0
1372,2016-08-28 17:49:15.000 MDT,0,0,0,0,1,0,0,0,0,0,0,0,0,0,0,0
1373,2016-08-28 17:50:01.000 MDT,1,0,0,0,0,0,0,0,0,0,0,0,0,0,0,0
1374,2016-08-28 17:57:57.000 MDT,0,0,0,0,0,1,0,0,0,0,0,0,0,0,0,0
